s_129	G_20	s_163	s_133	s_194	s_252	s_201	s_245	s_228	s_142	s_158	G_18	s_205	s_172	s_222	s_145	s_248	s_226	s_231	G_31	s_168	G_22	s_215	s_135	s_138	s_199	s_240	s_224	G_33	s_153	s_208	s_219	s_181	s_151	s_237	s_196	s_183	s_164	s_178	G_2	s_213	G_27	s_136	s_246	G_14	s_241	G_10	s_182	s_156	G_5	s_144	s_192	G_16	s_239	s_243	s_220	s_203	s_250	s_187	G_25	s_184	s_154	G_21	s_131	s_124	s_159	s_254	s_233	s_209	G_28	s_166	s_188	G_19	s_216	G_17	s_229	s_195	s_128	s_123	s_160	s_174	G_9	G_12	s_218	G_4	s_202	s_253	s_225	s_167	s_132	s_127	s_212	s_227	s_214	s_134	s_148	s_198	s_249	s_221	s_191	s_162	s_185	G_32	s_171	s_149	s_143	s_126	s_150	s_197	s_236	s_179	G_36	G_34	s_152	s_137	s_244	G_23	s_169	s_247	s_177	s_176	s_223	s_146	s_140	G_7	s_147	s_230	s_207	s_180	G_8	s_234	G_35	s_170	s_242	s_165	G_1	s_125	G_26	G_11	s_204	s_139	G_15	s_155	s_200	s_217	s_251	s_130	s_175	s_255	G_6	s_141	G_30	G_29	s_173	s_235	G_3	s_211	s_206	s_210	s_232	s_157	s_186	s_190	G_24	s_161	s_238	G_13
s_129 0 0.00734615 0.00005930 0.00730162 0.00027920 0.00719399 0.00723895 0.00000688 0.00722630 0.00000450 0.00000479 0.00729088 0.00733991 0.00000960 0.00000692 0.00001084 0.00717044 0.00767775 0.00749958 0.00718545 0.00723591 0.00727847 0.00752330 0.00743218 0.00762116 0.00733745 0.00733997 0.00005523 0.00721248 0.00722592 0.00733425 0.00000794 0.00739835 0.00000878 0.00750848 0.00742372 0.00725153 0.00722969 0.00724068 0.00736640 0.00723555 0.00720023 0.00758075 0.00000847 0.00723420 0.00741660 0.00739294 0.00737687 0.00000613 0.00721046 0.00001032 0.00027738 0.00726659 0.00755307 0.00730315 0.00001036 0.00752502 0.00723828 0.00704579 0.00730348 0.00000987 0.00001199 0.00722349 0.00000529 0.00001139 0.00000782 0.00715241 0.00706138 0.00742900 0.00725098 0.00724548 0.00714975 0.00724162 0.00000930 0.00720899 0.00001365 0.00742672 0.00721692 0.00000238 0.00005607 0.00001227 0.00721546 0.00723075 0.00759650 0.00722943 0.00723413 0.00716085 0.00723423 0.00724471 0.00720499 0.00000767 0.00723181 0.00724382 0.00722795 0.00771208 0.00000291 0.00747625 0.00717563 0.00717264 0.00723582 0.00005794 0.00000667 0.00721940 0.00000757 0.00714584 0.00000371 0.00000667 0.00695475 0.00741870 0.00742234 0.00705204 0.00729185 0.00724916 0.00000853 0.00758284 0.00735304 0.00715426 0.00724675 0.00000609 0.00723232 0.00002219 0.00001440 0.00000793 0.00000794 0.00720218 0.00000846 0.00647508 0.00734175 0.00721923 0.00727965 0.00723114 0.00731926 0.00723766 0.00000529 0.00724290 0.00737212 0.00001007 0.00719865 0.00733254 0.00754162 0.00759538 0.00717816 0.00001279 0.00728470 0.00757997 0.00714655 0.00000609 0.00000746 0.00730590 0.00727407 0.00000874 0.00717665 0.00721479 0.00000879 0.00735271 0.00740142 0.00781981 0.00733340 0.00741023 0.00723386 0.00000936 0.00722908 0.00723844 0.00723147 0.00005412 0.00719979 0.00718038
G_20 0.00734615 0 0.00731931 0.00771836 0.00711893 0.00756307 0.00108295 0.00734568 0.00108457 0.00717518 0.00734396 0.00107600 0.00749605 0.00734342 0.00735009 0.00735858 0.00755448 0.00772659 0.00760000 0.00104666 0.00108422 0.00107365 0.00737161 0.00730182 0.00772252 0.00754880 0.00749407 0.00732937 0.00104334 0.00110403 0.00749387 0.00735956 0.00782884 0.00735944 0.00736937 0.00738811 0.00108378 0.00108474 0.00108049 0.00194324 0.00108535 0.00104793 0.00756223 0.00734180 0.00109769 0.00746214 0.00490848 0.00774333 0.00734071 0.00105267 0.00736130 0.00713036 0.00110877 0.00742703 0.00749812 0.00736297 0.00735936 0.00108506 0.00733158 0.00106587 0.00734336 0.00731402 0.00108008 0.00736373 0.00736598 0.00706966 0.00748402 0.00736249 0.00746430 0.00104979 0.00108319 0.00685126 0.00108374 0.00735479 0.00106635 0.00733736 0.00737924 0.00759085 0.00734549 0.00733109 0.00734476 0.00106314 0.00108228 0.00773856 0.00105561 0.00108023 0.00749836 0.00108377 0.00108233 0.00760579 0.00735050 0.00108475 0.00108488 0.00108263 0.00775442 0.00734813 0.00746737 0.00758042 0.00760040 0.00108560 0.00731915 0.00735614 0.00108964 0.00732064 0.00776502 0.00735236 0.00703317 0.00746789 0.00738775 0.00738255 0.00736317 0.00111781 0.00105650 0.00735523 0.00754759 0.00757487 0.00103698 0.00108491 0.00735187 0.00108209 0.00751254 0.00734270 0.00734501 0.00735237 0.00105464 0.00733917 0.00115904 0.00746973 0.00764984 0.00106153 0.00768330 0.00108621 0.00108102 0.00734243 0.00108783 0.00202237 0.00736298 0.00104513 0.00196117 0.00738142 0.00774023 0.00106562 0.00734203 0.00745643 0.00756579 0.00753216 0.00736747 0.00734324 0.00775541 0.00107537 0.00736666 0.00104708 0.00105599 0.00735526 0.00731652 0.00489515 0.00791167 0.00746672 0.00746082 0.00108194 0.00734194 0.00108306 0.00108197 0.00106240 0.00731909 0.00108119 0.00104890
s_163 0.00005930 0.00731931 0 0.00733591 0.00028831 0.00718603 0.00718738 0.00005292 0.00719902 0.00005910 0.00007544 0.00720203 0.00733531 0.00007088 0.00005821 0.00005270 0.00710920 0.00764547 0.00741760 0.00718318 0.00720565 0.00723539 0.00752853 0.00743390 0.00759531 0.00730044 0.00733502 0.00000629 0.00720012 0.00723348 0.00732868 0.00005374 0.00735138 0.00006668 0.00751341 0.00738025 0.00720932 0.00719684 0.00718806 0.00729313 0.00719476 0.00720527 0.00756325 0.00005236 0.00721695 0.00739027 0.00736591 0.00732553 0.00007105 0.00720246 0.00005100 0.00028704 0.00729165 0.00755476 0.00725689 0.00005225 0.00751405 0.00719630 0.00705743 0.00719259 0.00006542 0.00007027 0.00722902 0.00005711 0.00005174 0.00006873 0.00716728 0.00708032 0.00738906 0.00720403 0.00719530 0.00713752 0.00721982 0.00005098 0.00718868 0.00006643 0.00738352 0.00721900 0.00005010 0.00000814 0.00006296 0.00718242 0.00722847 0.00756330 0.00720955 0.00721390 0.00717241 0.00719802 0.00719984 0.00722125 0.00005270 0.00719558 0.00719269 0.00718958 0.00770645 0.00005953 0.00740447 0.00711774 0.00715617 0.00719292 0.00000393 0.00006789 0.00721141 0.00007157 0.00720344 0.00005691 0.00005400 0.00698957 0.00737519 0.00737869 0.00705932 0.00723647 0.00719315 0.00005654 0.00757466 0.00731057 0.00717855 0.00720567 0.00005509 0.00718755 0.00008526 0.00006542 0.00005330 0.00005278 0.00721901 0.00005430 0.00668414 0.00733762 0.00718567 0.00721133 0.00718397 0.00721253 0.00721150 0.00005152 0.00720125 0.00730958 0.00005388 0.00719160 0.00728701 0.00754629 0.00759026 0.00721887 0.00006367 0.00720185 0.00754433 0.00711169 0.00005739 0.00006841 0.00720077 0.00724700 0.00005501 0.00720716 0.00720165 0.00007086 0.00735871 0.00735773 0.00780180 0.00732785 0.00737311 0.00719601 0.00006749 0.00718686 0.00718597 0.00721559 0.00000681 0.00717136 0.00720200
s_133 0.00730162 0.00771836 0.00733591 0 0.00704581 0.00000413 0.00758648 0.00734062 0.00758470 0.00734508 0.00734272 0.00758867 0.00751347 0.00734634 0.00734706 0.00734393 0.00769379 0.00723559 0.00712234 0.00757040 0.00758562 0.00762181 0.00799752 0.00727725 0.00729045 0.00700837 0.00749609 0.00734060 0.00758989 0.00758497 0.00750436 0.00733135 0.00389880 0.00734362 0.00799721 0.00755846 0.00758449 0.00758240 0.00758247 0.00756680 0.00758084 0.00758506 0.00702873 0.00734009 0.00759182 0.00704217 0.00777481 0.00393649 0.00734015 0.00757555 0.00734543 0.00704438 0.00761281 0.00799334 0.00691040 0.00734037 0.00798743 0.00758698 0.00459219 0.00761213 0.00734635 0.00734019 0.00758971 0.00730892 0.00729547 0.00755783 0.00447407 0.00460454 0.00704178 0.00757532 0.00758576 0.00380223 0.00758093 0.00734698 0.00756951 0.00732840 0.00756365 0.00000534 0.00728804 0.00733837 0.00734514 0.00757129 0.00757425 0.00728890 0.00759282 0.00759217 0.00444348 0.00758388 0.00758834 0.00000835 0.00730702 0.00758147 0.00758442 0.00758271 0.00787815 0.00734175 0.00421944 0.00769624 0.00387688 0.00757955 0.00733918 0.00733236 0.00762394 0.00733109 0.00330702 0.00733682 0.00696746 0.00353002 0.00756115 0.00755883 0.00460009 0.00762864 0.00757844 0.00732116 0.00703065 0.00701644 0.00755914 0.00758765 0.00734262 0.00758246 0.00747272 0.00734146 0.00734394 0.00734117 0.00757002 0.00734519 0.00751107 0.00750638 0.00410980 0.00760018 0.00414576 0.00763525 0.00759048 0.00733874 0.00758477 0.00757239 0.00731052 0.00759215 0.00754284 0.00800012 0.00729649 0.00759728 0.00734199 0.00691221 0.00703150 0.00769637 0.00730847 0.00734804 0.00305068 0.00758579 0.00734370 0.00759079 0.00759880 0.00734584 0.00378302 0.00778600 0.00782744 0.00750595 0.00704824 0.00758321 0.00734429 0.00758262 0.00758267 0.00758849 0.00733753 0.00756112 0.00757945
s_194 0.00027920 0.00711893 0.00028831 0.00704581 0 0.00705628 0.00698703 0.00028963 0.00699100 0.00028077 0.00028339 0.00703493 0.00724715 0.00028397 0.00028085 0.00028969 0.00704906 0.00770319 0.00709284 0.00701413 0.00706430 0.00706124 0.00749757 0.00735340 0.00716156 0.00719499 0.00724867 0.00027910 0.00703434 0.00699918 0.00724769 0.00029096 0.00764725 0.00028433 0.00749544 0.00713393 0.00703643 0.00706078 0.00696242 0.00710598 0.00698489 0.00706831 0.00745983 0.00028901 0.00700474 0.00733415 0.00718748 0.00716662 0.00028160 0.00703758 0.00028372 0.00000164 0.00709418 0.00749511 0.00709278 0.00029254 0.00747006 0.00698960 0.00704302 0.00701063 0.00028898 0.00029075 0.00709363 0.00028042 0.00029082 0.00032800 0.00703368 0.00706813 0.00732774 0.00703669 0.00696027 0.00626257 0.00699226 0.00028615 0.00701757 0.00029031 0.00713714 0.00704253 0.00028295 0.00027705 0.00028970 0.00703017 0.00703533 0.00719060 0.00703482 0.00703712 0.00703721 0.00698669 0.00700539 0.00704083 0.00028507 0.00698556 0.00698265 0.00698597 0.00742818 0.00028508 0.00736532 0.00705372 0.00693604 0.00706051 0.00028269 0.00028454 0.00701477 0.00028239 0.00702912 0.00027733 0.00028015 0.00708231 0.00712470 0.00713370 0.00704435 0.00705226 0.00701264 0.00028704 0.00746647 0.00719613 0.00701305 0.00706532 0.00028972 0.00700124 0.00037126 0.00029261 0.00028902 0.00029022 0.00707047 0.00028860 0.00682544 0.00724648 0.00736270 0.00699134 0.00738906 0.00700467 0.00695893 0.00029033 0.00706031 0.00714440 0.00028806 0.00702665 0.00715138 0.00749918 0.00715295 0.00704037 0.00028843 0.00699882 0.00749205 0.00705393 0.00028684 0.00028558 0.00721984 0.00707004 0.00029077 0.00703965 0.00706148 0.00028513 0.00707628 0.00720748 0.00753464 0.00724769 0.00732622 0.00698277 0.00028908 0.00695512 0.00700240 0.00698176 0.00028218 0.00698991 0.00702906
s_252 0.00719399 0.00756307 0.00718603 0.00000413 0.00705628 0 0.00744940 0.00718367 0.00744480 0.00702656 0.00719109 0.00751429 0.00732054 0.00719096 0.00718915 0.00718716 0.00752745 0.00708542 0.00694084 0.00744743 0.00744373 0.00753786 0.00759615 0.00715786 0.00700116 0.00676961 0.00730763 0.00719311 0.00746371 0.00743901 0.00730995 0.00718495 0.00428828 0.00719545 0.00759876 0.00718954 0.00748394 0.00743764 0.00744700 0.00745043 0.00744115 0.00751207 0.00691538 0.00718561 0.00747647 0.00704084 0.00749655 0.00338498 0.00718534 0.00745480 0.00719128 0.00705331 0.00749857 0.00765098 0.00667032 0.00718909 0.00759602 0.00744858 0.00490760 0.00749745 0.00719084 0.00718947 0.00746363 0.00718954 0.00718834 0.00736297 0.00437886 0.00492141 0.00704103 0.00745127 0.00744391 0.00390652 0.00746452 0.00719211 0.00744953 0.00719819 0.00722670 0.00000441 0.00717297 0.00718953 0.00719036 0.00750297 0.00745521 0.00687422 0.00747349 0.00745565 0.00435378 0.00744459 0.00745353 0.00000661 0.00718605 0.00744551 0.00744405 0.00745355 0.00770000 0.00718728 0.00443650 0.00752702 0.00383327 0.00744041 0.00719073 0.00718269 0.00748689 0.00719374 0.00327818 0.00719245 0.00686778 0.00362782 0.00722311 0.00722124 0.00487695 0.00754560 0.00746153 0.00717840 0.00691518 0.00678341 0.00743401 0.00744466 0.00719035 0.00745034 0.00733320 0.00718828 0.00719128 0.00718949 0.00745709 0.00718834 0.00734555 0.00731180 0.00440680 0.00747372 0.00440353 0.00748450 0.00745513 0.00718929 0.00743968 0.00746754 0.00719113 0.00751638 0.00746636 0.00759961 0.00700901 0.00747036 0.00718663 0.00683215 0.00691798 0.00753221 0.00718868 0.00719166 0.00341753 0.00749502 0.00719248 0.00747261 0.00751071 0.00719244 0.00381486 0.00751641 0.00790797 0.00731301 0.00704046 0.00740478 0.00719110 0.00744694 0.00744928 0.00746063 0.00718791 0.00742659 0.00746365
s_201 0.00723895 0.00108295 0.00718738 0.00758648 0.00698703 0.00744940 0 0.00722312 0.00000469 0.00704826 0.00720864 0.00008297 0.00743962 0.00719726 0.00721208 0.00722735 0.00743353 0.00754971 0.00740695 0.00007555 0.00000470 0.00009634 0.00732381 0.00712126 0.00749099 0.00744153 0.00744022 0.00720072 0.00007310 0.00000967 0.00743969 0.00722321 0.00769802 0.00726010 0.00732071 0.00724411 0.00000522 0.00001043 0.00000157 0.00096958 0.00000339 0.00007397 0.00743884 0.00719519 0.00011048 0.00742263 0.00730293 0.00755674 0.00719472 0.00007476 0.00720704 0.00704782 0.00010903 0.00733954 0.00734404 0.00721299 0.00731570 0.00000757 0.00736846 0.00008324 0.00720596 0.00718178 0.00011549 0.00725192 0.00721031 0.00693606 0.00737598 0.00738152 0.00741621 0.00007059 0.00000600 0.00674181 0.00009253 0.00720544 0.00008133 0.00717728 0.00724635 0.00745955 0.00724676 0.00720161 0.00720674 0.00008484 0.00007769 0.00749731 0.00008469 0.00000339 0.00735113 0.00000913 0.00000496 0.00745792 0.00724015 0.00000183 0.00000783 0.00000235 0.00756034 0.00720012 0.00739053 0.00743489 0.00740848 0.00000287 0.00722020 0.00721707 0.00010584 0.00716563 0.00747504 0.00720330 0.00694179 0.00732115 0.00725288 0.00722331 0.00739258 0.00014241 0.00007906 0.00723740 0.00747230 0.00741492 0.00006975 0.00000600 0.00721622 0.00000235 0.00739114 0.00720927 0.00723014 0.00725099 0.00007266 0.00720175 0.00004756 0.00743470 0.00758690 0.00006968 0.00758785 0.00011354 0.00000652 0.00720186 0.00000939 0.00102191 0.00719229 0.00007736 0.00097833 0.00733128 0.00751046 0.00009270 0.00719663 0.00740796 0.00744163 0.00740720 0.00721736 0.00719841 0.00748890 0.00007509 0.00723383 0.00007295 0.00009344 0.00724506 0.00761387 0.00723377 0.00779316 0.00743188 0.00741742 0.00000104 0.00722613 0.00000365 0.00000130 0.00007925 0.00719717 0.00000159 0.00006998
s_245 0.00000688 0.00734568 0.00005292 0.00734062 0.00028963 0.00718367 0.00722312 0 0.00724842 0.00000751 0.00000929 0.00727237 0.00734400 0.00000797 0.00000717 0.00000608 0.00718070 0.00770584 0.00749798 0.00719439 0.00725063 0.00727721 0.00753778 0.00748698 0.00764180 0.00737362 0.00734758 0.00004863 0.00721437 0.00721584 0.00733777 0.00000790 0.00741800 0.00000796 0.00752306 0.00745865 0.00726427 0.00724609 0.00722688 0.00734318 0.00723547 0.00721984 0.00758981 0.00000316 0.00721201 0.00745284 0.00740293 0.00738114 0.00000796 0.00721813 0.00000448 0.00028782 0.00726691 0.00758411 0.00734621 0.00000716 0.00751217 0.00720910 0.00703671 0.00727825 0.00000717 0.00000823 0.00723623 0.00000688 0.00000580 0.00000717 0.00715045 0.00709218 0.00745468 0.00725603 0.00721736 0.00642187 0.00721990 0.00000718 0.00720777 0.00000984 0.00745900 0.00722100 0.00000158 0.00005515 0.00000664 0.00719082 0.00723280 0.00763509 0.00723058 0.00724268 0.00715081 0.00720287 0.00724534 0.00722248 0.00000344 0.00723659 0.00721457 0.00721345 0.00770874 0.00000869 0.00748030 0.00720070 0.00718833 0.00725933 0.00005264 0.00001010 0.00719550 0.00001012 0.00714994 0.00000870 0.00000461 0.00699573 0.00742495 0.00745748 0.00707709 0.00728741 0.00725155 0.00000585 0.00760052 0.00738200 0.00715968 0.00726141 0.00000605 0.00724074 0.00001853 0.00000903 0.00000579 0.00000397 0.00721217 0.00000740 0.00646021 0.00734416 0.00721468 0.00725800 0.00723473 0.00729696 0.00722229 0.00000763 0.00725179 0.00734677 0.00000820 0.00720428 0.00735335 0.00755996 0.00763727 0.00722065 0.00000849 0.00735756 0.00759054 0.00717338 0.00000926 0.00000478 0.00730894 0.00727600 0.00000659 0.00718220 0.00721887 0.00000611 0.00684128 0.00740329 0.00791359 0.00733594 0.00744482 0.00724345 0.00000722 0.00721071 0.00724826 0.00720979 0.00004751 0.00722850 0.00718601
s_228 0.00722630 0.00108457 0.00719902 0.00758470 0.00699100 0.00744480 0.00000469 0.00724842 0 0.00705092 0.00719589 0.00008106 0.00745812 0.00720237 0.00724249 0.00722424 0.00739766 0.00760715 0.00740297 0.00007470 0.00000208 0.00009745 0.00727128 0.00721518 0.00749300 0.00743985 0.00746287 0.00722812 0.00007384 0.00001046 0.00746010 0.00721873 0.00777304 0.00724758 0.00727979 0.00723483 0.00000339 0.00001093 0.00000573 0.00096982 0.00000625 0.00007259 0.00745441 0.00724261 0.00010989 0.00742613 0.00738277 0.00759881 0.00719731 0.00007551 0.00721452 0.00705183 0.00010900 0.00729899 0.00730287 0.00724505 0.00730272 0.00000496 0.00737270 0.00008239 0.00720237 0.00716982 0.00011697 0.00724650 0.00722670 0.00693504 0.00739928 0.00738423 0.00744805 0.00007143 0.00000574 0.00674754 0.00009196 0.00721369 0.00007997 0.00722806 0.00723301 0.00745805 0.00723084 0.00720454 0.00720363 0.00008345 0.00007498 0.00751532 0.00008465 0.00000781 0.00738042 0.00000887 0.00000156 0.00745501 0.00723720 0.00000573 0.00000730 0.00000625 0.00756891 0.00720619 0.00738571 0.00739703 0.00749816 0.00000704 0.00722351 0.00724218 0.00010474 0.00717598 0.00755197 0.00720831 0.00692191 0.00731744 0.00723872 0.00720962 0.00739746 0.00014440 0.00007978 0.00723286 0.00748162 0.00737999 0.00006761 0.00000261 0.00724888 0.00000599 0.00739134 0.00719875 0.00722033 0.00723856 0.00007365 0.00719886 0.00004648 0.00743764 0.00761764 0.00006963 0.00761302 0.00011055 0.00000521 0.00724151 0.00000782 0.00102232 0.00720911 0.00007546 0.00097850 0.00728163 0.00751094 0.00009190 0.00719904 0.00740394 0.00745745 0.00737843 0.00722629 0.00720306 0.00751944 0.00007608 0.00724956 0.00007342 0.00009283 0.00724042 0.00767046 0.00736172 0.00784575 0.00743452 0.00743743 0.00000391 0.00722363 0.00000782 0.00000417 0.00007944 0.00720013 0.00000504 0.00006993
s_142 0.00000450 0.00717518 0.00005910 0.00734508 0.00028077 0.00702656 0.00704826 0.00000751 0.00705092 0 0.00000547 0.00711491 0.00717629 0.00000731 0.00000679 0.00000910 0.00698763 0.00747905 0.00731807 0.00702740 0.00705865 0.00710442 0.00735918 0.00752249 0.00766974 0.00715510 0.00717646 0.00005624 0.00704581 0.00705789 0.00717309 0.00000673 0.00723337 0.00000573 0.00734137 0.00726422 0.00705462 0.00705624 0.00704847 0.00718029 0.00704174 0.00705428 0.00759884 0.00000699 0.00707041 0.00724000 0.00721074 0.00718292 0.00000547 0.00704718 0.00000804 0.00028126 0.00708869 0.00738118 0.00709635 0.00000992 0.00734464 0.00706415 0.00686421 0.00712254 0.00001044 0.00001095 0.00705942 0.00000555 0.00000948 0.00000764 0.00700591 0.00688365 0.00724034 0.00708881 0.00705448 0.00698024 0.00706788 0.00000864 0.00703634 0.00001234 0.00727647 0.00722206 0.00000316 0.00005388 0.00001201 0.00704372 0.00705875 0.00745392 0.00703891 0.00704384 0.00699862 0.00706309 0.00705655 0.00722636 0.00000660 0.00704609 0.00705282 0.00705588 0.00772331 0.00000440 0.00728775 0.00700861 0.00712616 0.00704012 0.00005669 0.00000966 0.00703509 0.00000716 0.00690194 0.00000285 0.00000641 0.00677635 0.00725924 0.00726246 0.00687268 0.00711281 0.00708056 0.00000913 0.00761724 0.00716454 0.00699062 0.00705150 0.00000674 0.00704143 0.00002053 0.00001200 0.00000802 0.00001058 0.00704763 0.00000857 0.00633455 0.00717832 0.00703916 0.00710064 0.00705096 0.00713265 0.00704884 0.00000440 0.00705190 0.00719045 0.00000714 0.00703961 0.00715991 0.00737335 0.00766554 0.00701406 0.00001147 0.00708117 0.00738757 0.00698060 0.00000661 0.00000835 0.00714397 0.00708451 0.00001001 0.00700916 0.00704027 0.00000783 0.00717317 0.00722001 0.00777559 0.00717230 0.00722772 0.00703855 0.00001129 0.00705534 0.00704754 0.00705933 0.00005430 0.00702652 0.00701398
s_158 0.00000479 0.00734396 0.00007544 0.00734272 0.00028339 0.00719109 0.00720864 0.00000929 0.00719589 0.00000547 0 0.00726611 0.00734081 0.00000711 0.00000662 0.00001224 0.00708898 0.00765349 0.00744488 0.00718188 0.00720546 0.00727113 0.00753947 0.00748571 0.00765914 0.00733960 0.00734031 0.00007165 0.00720364 0.00721612 0.00733410 0.00001114 0.00739385 0.00000763 0.00752415 0.00741386 0.00722096 0.00720050 0.00720975 0.00732748 0.00720538 0.00720761 0.00757945 0.00001194 0.00720175 0.00742035 0.00739132 0.00736741 0.00000605 0.00720398 0.00001328 0.00028206 0.00725687 0.00756870 0.00730264 0.00001551 0.00752782 0.00720933 0.00704322 0.00727248 0.00000895 0.00000763 0.00721782 0.00000879 0.00001406 0.00000616 0.00714494 0.00705844 0.00741968 0.00724575 0.00721656 0.00715127 0.00720784 0.00001232 0.00720521 0.00001434 0.00741688 0.00722628 0.00000530 0.00006922 0.00001079 0.00720751 0.00722225 0.00763418 0.00722097 0.00722737 0.00714343 0.00720529 0.00721416 0.00722584 0.00001170 0.00720185 0.00721457 0.00719478 0.00770094 0.00000742 0.00747334 0.00709553 0.00712204 0.00720532 0.00007514 0.00000684 0.00718477 0.00000806 0.00716465 0.00000743 0.00000748 0.00697107 0.00740757 0.00741207 0.00704694 0.00728360 0.00724199 0.00000795 0.00758528 0.00735544 0.00715039 0.00721591 0.00001062 0.00720183 0.00002065 0.00001342 0.00001086 0.00001358 0.00720435 0.00001037 0.00650287 0.00734265 0.00720909 0.00725048 0.00722151 0.00728506 0.00723084 0.00000796 0.00721368 0.00733992 0.00001039 0.00718978 0.00733728 0.00755736 0.00765510 0.00717116 0.00001288 0.00728357 0.00755972 0.00708225 0.00000905 0.00000605 0.00727210 0.00726338 0.00001220 0.00716866 0.00720912 0.00000737 0.00736167 0.00739392 0.00780340 0.00733341 0.00741408 0.00720333 0.00000874 0.00719861 0.00720798 0.00720121 0.00006968 0.00716873 0.00717198
G_18 0.00729088 0.00107600 0.00720203 0.00758867 0.00703493 0.00751429 0.00008297 0.00727237 0.00008106 0.00711491 0.00726611 0 0.00745006 0.00726250 0.00730147 0.00728087 0.00743166 0.00764219 0.00739743 0.00006734 0.00008191 0.00009570 0.00731961 0.00712961 0.00755539 0.00745293 0.00745090 0.00723273 0.00006598 0.00008906 0.00744638 0.00728539 0.00774590 0.00731470 0.00730780 0.00728124 0.00008226 0.00008604 0.00008347 0.00099252 0.00008321 0.00006605 0.00746877 0.00730010 0.00010374 0.00743674 0.00737552 0.00762760 0.00726765 0.00006617 0.00727372 0.00706429 0.00010084 0.00736442 0.00739887 0.00730552 0.00734233 0.00008277 0.00738252 0.00006305 0.00726064 0.00724161 0.00010631 0.00730768 0.00727825 0.00700474 0.00739787 0.00742612 0.00743715 0.00007307 0.00008298 0.00673593 0.00008295 0.00727191 0.00007096 0.00721577 0.00727944 0.00746886 0.00730314 0.00721394 0.00726363 0.00007853 0.00006604 0.00754856 0.00007540 0.00008398 0.00740705 0.00008508 0.00008041 0.00746888 0.00730705 0.00008239 0.00008482 0.00008243 0.00763060 0.00726597 0.00745279 0.00739990 0.00752466 0.00008511 0.00723520 0.00731322 0.00009792 0.00716250 0.00755731 0.00726896 0.00698879 0.00732108 0.00728491 0.00728164 0.00738045 0.00014633 0.00008112 0.00730390 0.00749285 0.00745655 0.00006370 0.00008228 0.00726549 0.00008242 0.00746131 0.00725920 0.00729043 0.00730640 0.00006449 0.00726651 0.00013729 0.00742637 0.00757973 0.00007504 0.00754431 0.00009013 0.00008327 0.00727176 0.00008400 0.00105320 0.00726333 0.00006887 0.00100677 0.00731292 0.00756040 0.00008417 0.00726969 0.00746345 0.00747965 0.00740531 0.00727678 0.00726070 0.00760122 0.00008052 0.00730035 0.00006474 0.00008323 0.00729734 0.00718640 0.00739104 0.00784727 0.00742294 0.00743025 0.00008119 0.00728312 0.00008408 0.00008189 0.00006923 0.00721076 0.00008635 0.00006156
s_205 0.00733991 0.00749605 0.00733531 0.00751347 0.00724715 0.00732054 0.00743962 0.00734400 0.00745812 0.00717629 0.00734081 0.00745006 0 0.00733999 0.00734489 0.00733704 0.00761435 0.00254524 0.00252033 0.00744493 0.00745956 0.00746443 0.00759182 0.00739786 0.00291956 0.00285029 0.00000383 0.00734753 0.00745592 0.00744173 0.00000383 0.00734229 0.00712492 0.00734392 0.00759143 0.00747414 0.00745997 0.00746772 0.00744249 0.00740521 0.00746244 0.00744135 0.00258010 0.00734672 0.00747836 0.00313594 0.00728967 0.00737773 0.00733876 0.00745542 0.00733338 0.00724396 0.00748012 0.00761181 0.00282134 0.00733723 0.00758587 0.00746317 0.00705794 0.00745692 0.00733492 0.00734243 0.00747751 0.00733741 0.00733481 0.00737403 0.00703959 0.00706593 0.00313128 0.00742828 0.00744206 0.00622129 0.00746311 0.00734023 0.00744696 0.00732286 0.00747089 0.00732646 0.00732579 0.00733538 0.00733784 0.00746308 0.00745664 0.00291902 0.00747226 0.00744166 0.00703666 0.00746697 0.00743983 0.00731680 0.00734030 0.00745898 0.00746652 0.00746231 0.00775075 0.00733593 0.00736433 0.00761285 0.00726605 0.00746699 0.00733826 0.00733548 0.00747397 0.00732358 0.00713648 0.00733917 0.00698450 0.00708592 0.00747345 0.00745351 0.00709292 0.00747749 0.00743827 0.00734144 0.00257684 0.00285386 0.00743420 0.00745925 0.00734527 0.00744263 0.00727738 0.00734323 0.00733578 0.00733754 0.00745753 0.00733833 0.00735100 0.00000438 0.00702950 0.00744639 0.00704054 0.00748555 0.00743828 0.00734019 0.00746659 0.00742096 0.00733568 0.00745892 0.00737329 0.00758607 0.00291798 0.00747319 0.00733650 0.00262998 0.00258399 0.00761824 0.00733621 0.00733932 0.00729503 0.00743668 0.00733618 0.00745334 0.00746172 0.00734013 0.00728086 0.00728922 0.00801670 0.00000438 0.00313172 0.00746447 0.00733337 0.00744619 0.00744262 0.00745061 0.00733822 0.00743614 0.00744886
s_172 0.00000960 0.00734342 0.00007088 0.00734634 0.00028397 0.00719096 0.00719726 0.00000797 0.00720237 0.00000731 0.00000711 0.00726250 0.00733999 0 0.00001033 0.00000826 0.00712083 0.00764958 0.00744002 0.00717915 0.00725480 0.00727221 0.00754545 0.00748409 0.00766147 0.00734638 0.00733995 0.00006567 0.00720128 0.00723227 0.00733337 0.00000956 0.00739277 0.00000921 0.00753006 0.00740983 0.00721786 0.00725390 0.00719872 0.00734398 0.00720229 0.00720362 0.00756340 0.00000690 0.00720830 0.00741319 0.00739577 0.00737312 0.00000737 0.00720322 0.00001117 0.00028504 0.00726320 0.00757463 0.00730474 0.00000937 0.00753373 0.00721560 0.00704785 0.00726572 0.00000684 0.00000737 0.00722291 0.00001200 0.00001036 0.00000678 0.00714961 0.00706230 0.00741082 0.00724512 0.00721456 0.00714829 0.00720396 0.00000858 0.00719024 0.00000783 0.00741302 0.00722828 0.00000425 0.00007238 0.00000789 0.00718258 0.00721911 0.00764284 0.00720702 0.00721682 0.00714774 0.00721161 0.00723213 0.00722882 0.00000719 0.00719910 0.00721180 0.00719312 0.00769885 0.00000875 0.00747140 0.00714109 0.00711836 0.00720216 0.00006871 0.00001026 0.00720897 0.00000917 0.00715834 0.00000956 0.00000620 0.00696649 0.00740490 0.00740827 0.00704474 0.00728982 0.00724730 0.00000504 0.00758232 0.00735611 0.00717674 0.00725643 0.00000611 0.00719076 0.00001690 0.00000922 0.00000902 0.00001174 0.00720333 0.00000586 0.00654643 0.00734228 0.00720725 0.00725612 0.00721960 0.00729140 0.00720239 0.00000823 0.00725697 0.00734168 0.00000667 0.00718937 0.00734932 0.00756327 0.00765784 0.00721613 0.00000869 0.00728603 0.00755635 0.00713726 0.00001173 0.00000315 0.00730744 0.00726620 0.00000770 0.00720575 0.00720446 0.00000236 0.00737607 0.00739117 0.00786373 0.00733312 0.00739641 0.00720026 0.00000424 0.00719687 0.00719719 0.00720389 0.00006543 0.00717516 0.00719578
s_222 0.00000692 0.00735009 0.00005821 0.00734706 0.00028085 0.00718915 0.00721208 0.00000717 0.00724249 0.00000679 0.00000662 0.00730147 0.00734489 0.00001033 0 0.00001278 0.00715617 0.00765670 0.00746727 0.00719560 0.00725495 0.00728820 0.00754040 0.00748584 0.00764959 0.00737252 0.00734030 0.00005593 0.00721781 0.00723208 0.00734169 0.00001062 0.00740375 0.00000581 0.00754401 0.00745577 0.00726761 0.00725337 0.00721460 0.00737143 0.00723265 0.00720202 0.00757845 0.00000929 0.00724908 0.00741026 0.00740217 0.00739048 0.00000291 0.00721551 0.00001115 0.00028014 0.00728139 0.00758769 0.00730082 0.00001284 0.00751887 0.00725520 0.00703797 0.00730549 0.00000926 0.00000979 0.00724604 0.00000613 0.00001195 0.00000466 0.00712444 0.00706263 0.00744080 0.00725702 0.00722445 0.00642819 0.00725920 0.00001393 0.00720869 0.00001170 0.00745959 0.00722541 0.00000451 0.00005639 0.00001033 0.00720219 0.00723633 0.00764378 0.00723437 0.00723190 0.00716066 0.00725119 0.00724141 0.00722653 0.00000985 0.00723366 0.00726059 0.00720428 0.00770619 0.00000796 0.00747469 0.00717623 0.00717558 0.00725740 0.00005902 0.00000530 0.00723188 0.00000560 0.00715646 0.00000796 0.00001033 0.00696875 0.00742412 0.00743962 0.00708529 0.00730832 0.00726230 0.00000690 0.00758511 0.00735065 0.00716364 0.00726474 0.00001196 0.00722986 0.00002087 0.00001059 0.00001246 0.00001173 0.00721235 0.00001437 0.00656194 0.00734517 0.00720807 0.00729542 0.00722123 0.00733181 0.00721137 0.00000822 0.00726736 0.00738786 0.00001360 0.00720381 0.00733836 0.00756259 0.00764615 0.00723467 0.00001006 0.00735675 0.00758003 0.00717237 0.00000773 0.00000767 0.00731074 0.00728033 0.00001275 0.00718862 0.00723067 0.00000900 0.00737940 0.00740153 0.00792894 0.00734009 0.00742337 0.00724971 0.00001067 0.00720023 0.00723695 0.00724340 0.00005440 0.00721681 0.00718751
s_145 0.00001084 0.00735858 0.00005270 0.00734393 0.00028969 0.00718716 0.00722735 0.00000608 0.00722424 0.00000910 0.00001224 0.00728087 0.00733704 0.00000826 0.00001278 0 0.00716207 0.00767264 0.00746082 0.00720326 0.00722752 0.00729726 0.00756410 0.00748566 0.00764172 0.00733885 0.00733682 0.00005301 0.00722454 0.00722509 0.00733037 0.00000846 0.00740030 0.00000718 0.00755015 0.00741093 0.00724272 0.00723577 0.00722921 0.00735892 0.00723348 0.00721289 0.00759394 0.00000714 0.00722468 0.00742900 0.00740578 0.00736833 0.00001144 0.00722574 0.00000556 0.00028900 0.00728115 0.00758660 0.00729890 0.00000424 0.00756704 0.00722819 0.00704836 0.00728811 0.00000693 0.00000825 0.00724630 0.00000925 0.00000502 0.00000688 0.00716069 0.00706250 0.00742488 0.00726731 0.00723602 0.00715337 0.00723358 0.00000531 0.00721175 0.00000818 0.00741411 0.00722651 0.00000185 0.00005413 0.00000613 0.00720829 0.00723535 0.00761728 0.00724064 0.00724702 0.00716153 0.00722419 0.00722693 0.00722620 0.00000687 0.00723010 0.00723379 0.00721650 0.00772148 0.00001003 0.00747312 0.00716828 0.00716307 0.00723330 0.00005081 0.00001039 0.00721046 0.00001317 0.00713728 0.00001217 0.00000666 0.00695875 0.00740657 0.00740993 0.00705713 0.00731108 0.00726847 0.00000932 0.00760086 0.00735009 0.00716526 0.00723765 0.00000819 0.00722081 0.00002026 0.00000772 0.00000475 0.00000291 0.00721976 0.00000343 0.00651551 0.00733928 0.00721330 0.00727803 0.00722621 0.00731788 0.00725012 0.00000687 0.00724286 0.00736559 0.00000397 0.00721397 0.00735441 0.00758211 0.00763684 0.00723698 0.00000798 0.00727841 0.00757580 0.00715803 0.00000581 0.00000719 0.00727129 0.00728594 0.00000634 0.00719787 0.00723370 0.00000878 0.00737234 0.00740100 0.00788199 0.00732964 0.00741255 0.00723195 0.00000694 0.00721781 0.00722733 0.00722717 0.00005136 0.00719750 0.00718752
s_248 0.00717044 0.00755448 0.00710920 0.00769379 0.00704906 0.00752745 0.00743353 0.00718070 0.00739766 0.00698763 0.00708898 0.00743166 0.00761435 0.00712083 0.00715617 0.00716207 0 0.00789387 0.00777928 0.00740190 0.00739452 0.00742098 0.00765581 0.00734714 0.00787688 0.00766017 0.00761807 0.00715068 0.00742419 0.00740918 0.00762012 0.00713690 0.00788332 0.00712675 0.00766295 0.00750401 0.00743578 0.00735477 0.00743849 0.00746512 0.00739192 0.00738884 0.00772546 0.00719484 0.00745531 0.00756456 0.00768990 0.00755441 0.00712317 0.00741094 0.00718358 0.00704713 0.00746023 0.00770131 0.00762974 0.00714049 0.00755358 0.00743275 0.00744568 0.00742921 0.00709181 0.00712207 0.00741172 0.00716858 0.00714219 0.00719481 0.00739666 0.00750316 0.00757837 0.00733578 0.00740773 0.00665520 0.00741532 0.00715101 0.00740003 0.00708625 0.00750369 0.00756484 0.00720086 0.00711322 0.00712150 0.00739248 0.00741874 0.00788532 0.00743275 0.00744255 0.00738986 0.00740500 0.00744225 0.00757317 0.00720816 0.00733266 0.00740567 0.00743765 0.00776863 0.00716473 0.00744583 0.00000294 0.00759932 0.00733908 0.00713844 0.00711659 0.00746723 0.00710164 0.00754741 0.00716441 0.00685909 0.00743633 0.00750066 0.00750306 0.00745059 0.00738666 0.00734861 0.00711392 0.00774896 0.00766619 0.00739462 0.00739429 0.00713949 0.00743197 0.00711246 0.00712760 0.00717239 0.00717014 0.00740692 0.00716363 0.00724941 0.00761884 0.00768916 0.00743882 0.00766146 0.00745743 0.00743410 0.00716895 0.00736176 0.00744604 0.00717906 0.00739534 0.00737865 0.00766245 0.00788662 0.00744255 0.00712443 0.00764690 0.00772760 0.00000160 0.00714248 0.00712163 0.00762115 0.00738155 0.00717156 0.00740446 0.00741328 0.00711813 0.00709620 0.00764857 0.00799280 0.00762243 0.00757283 0.00734560 0.00714023 0.00743893 0.00743815 0.00742287 0.00710760 0.00732022 0.00740626
s_226 0.00767775 0.00772659 0.00764547 0.00723559 0.00770319 0.00708542 0.00754971 0.00770584 0.00760715 0.00747905 0.00765349 0.00764219 0.00254524 0.00764958 0.00765670 0.00767264 0.00789387 0 0.00330665 0.00761705 0.00758223 0.00765621 0.00787257 0.00751145 0.00362027 0.00346622 0.00253922 0.00766071 0.00762090 0.00757678 0.00253938 0.00766513 0.00656997 0.00765245 0.00789152 0.00763154 0.00758111 0.00758863 0.00754171 0.00759823 0.00755462 0.00758932 0.00000154 0.00770095 0.00762238 0.00326434 0.00734571 0.00694768 0.00764563 0.00762397 0.00766331 0.00769690 0.00764213 0.00791973 0.00358479 0.00767082 0.00785344 0.00760762 0.00675443 0.00764880 0.00764182 0.00764887 0.00764320 0.00767620 0.00766682 0.00763311 0.00690277 0.00679937 0.00325340 0.00763239 0.00754460 0.00623263 0.00760168 0.00766667 0.00762436 0.00764085 0.00763732 0.00711789 0.00765411 0.00765642 0.00764505 0.00763317 0.00759083 0.00363040 0.00762984 0.00758950 0.00690186 0.00755152 0.00758382 0.00714633 0.00767665 0.00755780 0.00760949 0.00755861 0.00785367 0.00766402 0.00715003 0.00790663 0.00661483 0.00758514 0.00765577 0.00764599 0.00762397 0.00763251 0.00669315 0.00766479 0.00728939 0.00650003 0.00759659 0.00760786 0.00681059 0.00769495 0.00763350 0.00764588 0.00000247 0.00347462 0.00761470 0.00758425 0.00770782 0.00759119 0.00792156 0.00764259 0.00767067 0.00767467 0.00761608 0.00766535 0.00762116 0.00253970 0.00654779 0.00763705 0.00651793 0.00764781 0.00755178 0.00769169 0.00757928 0.00760216 0.00766504 0.00760657 0.00755430 0.00787522 0.00362708 0.00763585 0.00764137 0.00349799 0.00000124 0.00789794 0.00766983 0.00764918 0.00676764 0.00764127 0.00767373 0.00761764 0.00761649 0.00765792 0.00725387 0.00733459 0.00815818 0.00254007 0.00324653 0.00758482 0.00764608 0.00754430 0.00757592 0.00762448 0.00765041 0.00756071 0.00761532
s_231 0.00749958 0.00760000 0.00741760 0.00712234 0.00709284 0.00694084 0.00740695 0.00749798 0.00740297 0.00731807 0.00744488 0.00739743 0.00252033 0.00744002 0.00746727 0.00746082 0.00777928 0.00330665 0 0.00739815 0.00740910 0.00744979 0.00773853 0.00728350 0.00138561 0.00138073 0.00251241 0.00745424 0.00740279 0.00738155 0.00250909 0.00746033 0.00727702 0.00747888 0.00773599 0.00737907 0.00740901 0.00740217 0.00740183 0.00750903 0.00740741 0.00737547 0.00316837 0.00749949 0.00739315 0.00359869 0.00773999 0.00737395 0.00743729 0.00739587 0.00746263 0.00712135 0.00744009 0.00775006 0.00148719 0.00748284 0.00772699 0.00741380 0.00698114 0.00740971 0.00743254 0.00743439 0.00740768 0.00750077 0.00746530 0.00757752 0.00705287 0.00698679 0.00360474 0.00741598 0.00740106 0.00599162 0.00740859 0.00744305 0.00738628 0.00744549 0.00752097 0.00703877 0.00748549 0.00742149 0.00743804 0.00740375 0.00739685 0.00138454 0.00741948 0.00740415 0.00705263 0.00740211 0.00740665 0.00706647 0.00749309 0.00740586 0.00740309 0.00740543 0.00779168 0.00745801 0.00734768 0.00777657 0.00684528 0.00740581 0.00745178 0.00747101 0.00742139 0.00741323 0.00715509 0.00745842 0.00713537 0.00692427 0.00737788 0.00751825 0.00702817 0.00747658 0.00742860 0.00745827 0.00318839 0.00136976 0.00737810 0.00740856 0.00744549 0.00740619 0.00756376 0.00744412 0.00749509 0.00749829 0.00736417 0.00745814 0.00736412 0.00251149 0.00716010 0.00744462 0.00716707 0.00744181 0.00740352 0.00749080 0.00740097 0.00751953 0.00746471 0.00739181 0.00745170 0.00774771 0.00139725 0.00741651 0.00743509 0.00149605 0.00316933 0.00777475 0.00746763 0.00743828 0.00707097 0.00744249 0.00749664 0.00738981 0.00739968 0.00747752 0.00695183 0.00775399 0.00767380 0.00251379 0.00360022 0.00741086 0.00744863 0.00740708 0.00740080 0.00741068 0.00741862 0.00738145 0.00738989
G_31 0.00718545 0.00104666 0.00718318 0.00757040 0.00701413 0.00744743 0.00007555 0.00719439 0.00007470 0.00702740 0.00718188 0.00006734 0.00744493 0.00717915 0.00719560 0.00720326 0.00740190 0.00761705 0.00739815 0 0.00007449 0.00008214 0.00725329 0.00711498 0.00751097 0.00743451 0.00744345 0.00718603 0.00005349 0.00008062 0.00743783 0.00720296 0.00775969 0.00720800 0.00724593 0.00728412 0.00007326 0.00007520 0.00007368 0.00097644 0.00007421 0.00005228 0.00748242 0.00719613 0.00009243 0.00743273 0.00727787 0.00760973 0.00718378 0.00005457 0.00719559 0.00707038 0.00009060 0.00730325 0.00736827 0.00720418 0.00729064 0.00007509 0.00734749 0.00006944 0.00717963 0.00715893 0.00009704 0.00719807 0.00720210 0.00689161 0.00742406 0.00740025 0.00744456 0.00005189 0.00007451 0.00673811 0.00007299 0.00719518 0.00005713 0.00718110 0.00728330 0.00745181 0.00719561 0.00719653 0.00718155 0.00006687 0.00005697 0.00751463 0.00006016 0.00007550 0.00742487 0.00007582 0.00007377 0.00745445 0.00720366 0.00007445 0.00007739 0.00007447 0.00755950 0.00718651 0.00734751 0.00733339 0.00752943 0.00007584 0.00719565 0.00720885 0.00008916 0.00715883 0.00754966 0.00718981 0.00689301 0.00731906 0.00728698 0.00728335 0.00737632 0.00012124 0.00005961 0.00719702 0.00748864 0.00738421 0.00004914 0.00007458 0.00718493 0.00007472 0.00733906 0.00717799 0.00719008 0.00720040 0.00005079 0.00717933 0.00011407 0.00742230 0.00758640 0.00005594 0.00762082 0.00009481 0.00007425 0.00719018 0.00007658 0.00103974 0.00719231 0.00005684 0.00098902 0.00726571 0.00751058 0.00007119 0.00718411 0.00740728 0.00748558 0.00735789 0.00720627 0.00717932 0.00753705 0.00005495 0.00720820 0.00005080 0.00007246 0.00719108 0.00718844 0.00721444 0.00784195 0.00741779 0.00744269 0.00007322 0.00717702 0.00007479 0.00007341 0.00005976 0.00718758 0.00007478 0.00004401
s_168 0.00723591 0.00108422 0.00720565 0.00758562 0.00706430 0.00744373 0.00000470 0.00725063 0.00000208 0.00705865 0.00720546 0.00008191 0.00745956 0.00725480 0.00725495 0.00722752 0.00739452 0.00758223 0.00740910 0.00007449 0 0.00009673 0.00730442 0.00721199 0.00750740 0.00737017 0.00746142 0.00727023 0.00007284 0.00000915 0.00746088 0.00725164 0.00774110 0.00725882 0.00730310 0.00720271 0.00000287 0.00000938 0.00000547 0.00096678 0.00000599 0.00007291 0.00744523 0.00725354 0.00010971 0.00742585 0.00735117 0.00759050 0.00720738 0.00007372 0.00721597 0.00706126 0.00010855 0.00731320 0.00730276 0.00725023 0.00732764 0.00000653 0.00738585 0.00008243 0.00725475 0.00717989 0.00011601 0.00724907 0.00722815 0.00694610 0.00741091 0.00739484 0.00742307 0.00006990 0.00000652 0.00747181 0.00009202 0.00724318 0.00008055 0.00723307 0.00720175 0.00745862 0.00723466 0.00721076 0.00725721 0.00008405 0.00007531 0.00748525 0.00008392 0.00000573 0.00740616 0.00000836 0.00000261 0.00745544 0.00724912 0.00000495 0.00000836 0.00000469 0.00756813 0.00720943 0.00737756 0.00739294 0.00745722 0.00000678 0.00723024 0.00725150 0.00010455 0.00721584 0.00755136 0.00721293 0.00692967 0.00731415 0.00720392 0.00720416 0.00739180 0.00014345 0.00007931 0.00724369 0.00747639 0.00737655 0.00006843 0.00000261 0.00725232 0.00000521 0.00734059 0.00725531 0.00722882 0.00724842 0.00007318 0.00720917 0.00004675 0.00745864 0.00760507 0.00006889 0.00761621 0.00011033 0.00000444 0.00725244 0.00000938 0.00102219 0.00721102 0.00007736 0.00097732 0.00729880 0.00751397 0.00009197 0.00721062 0.00735266 0.00746926 0.00737483 0.00722613 0.00725598 0.00751677 0.00007508 0.00724940 0.00007268 0.00009316 0.00725430 0.00768298 0.00732957 0.00774752 0.00745513 0.00742243 0.00000470 0.00723364 0.00000730 0.00000521 0.00007871 0.00720516 0.00000478 0.00006972
