s_2937	F_52	F_34	F_25	s_2971	s_2940	F_28	F_18	F_11	s_2968	F_62	F_47	F_17	F_12	s_2961	s_2912	F_43	s_2970	F_29	s_2917	F_53	F_35	s_2904	F_51	F_42	s_2909	F_40	F_58	F_13	F_37	s_2939	F_14	F_60	F_48	s_2923	F_20	F_23	s_2941	s_2907	F_57	F_39	s_2931	F_44	s_2955	s_2918	s_2953	F_64	F_31	F_61	G_2	s_2930	F_36	F_26	F_66	F_38	F_19	s_2972	G_7	s_2964	F_21	s_2956	s_2920	F_55	s_2966	F_67	s_2903	G_5	F_46	F_65	G_8	F_32	F_63	F_16	s_2945	G_1	s_2914	F_56	s_2933	s_2965	F_59	s_2915	F_41	F_27	F_22	s_2954	F_54	s_2950	F_30	s_2959	G_6	F_15	s_2948	s_2942	s_2926	G_3	F_45	s_2908	s_2962	F_50	F_33	s_2949	s_2927	s_2969	F_24	s_2916	F_49	s_2952	s_2921	G_9	s_2944	G_4
s_2937 0 0.01377102 0.01423008 0.01349142 0.01473687 0.00016955 0.01340048 0.01304279 0.00428719 0.01759277 0.03623728 0.01301342 0.01304612 0.01447854 0.01543194 0.00018071 0.01358424 0.01602995 0.01482036 0.01278145 0.01449792 0.01341071 0.01286135 0.01357232 0.01447695 0.01572716 0.01435641 0.01438755 0.01446609 0.01280850 0.00017761 0.01335655 0.07387042 0.01445774 0.01604754 0.00386620 0.01350663 0.00018398 0.01279266 0.01532880 0.01298550 0.01355629 0.07385466 0.01291795 0.01291668 0.00107140 0.14535195 0.01460709 0.01348235 0.01478596 0.01281160 0.01351013 0.01425152 0.01346209 0.01488164 0.01347128 0.01293246 0.01349985 0.00016254 0.01367905 0.01287980 0.01594012 0.01359638 0.00016862 0.01349275 0.08032095 0.01353860 0.01348608 0.01516499 0.01478511 0.01444364 0.01368067 0.01350202 0.01284640 0.00438319 0.01283724 0.01528083 0.08136617 0.00018465 0.01301612 0.01287830 0.01354084 0.01304316 0.01350119 0.01288463 0.01451242 0.00131137 0.01441492 0.01283162 0.01350667 0.00430196 0.00016846 0.00026648 0.01584477 0.00396151 0.01452101 0.01525815 0.01287412 0.14040297 0.01447872 0.00017288 0.01554419 0.07746467 0.00429654 0.01289098 0.01295224 0.00029502 0.01574657 0.01350069 0.01289756 0.01348525
F_52 0.01377102 0 0.01441959 0.01444718 0.01491027 0.01375526 0.01445218 0.01451753 0.01394503 0.01766818 0.16114790 0.01450048 0.01450227 0.01495538 0.01641165 0.01343347 0.01451293 0.01594726 0.01432826 0.01402265 0.01493077 0.01431468 0.01409542 0.01445462 0.01491220 0.01603378 0.01460157 0.01449737 0.01449920 0.01467427 0.01378085 0.01445703 0.07633228 0.01429851 0.01597900 0.01383216 0.01452690 0.01381055 0.01413426 0.01547675 0.01451791 0.01434553 0.07621235 0.01423311 0.01409931 0.01335739 0.15192945 0.01432324 0.01443065 0.01496375 0.01399212 0.01451201 0.01448081 0.01433670 0.01477646 0.01443400 0.01397935 0.01437727 0.01375640 0.01452240 0.01419721 0.01594659 0.01450817 0.01357504 0.01435188 0.08359246 0.01446811 0.01445470 0.01578979 0.01496231 0.01493975 0.01451207 0.01445634 0.01417713 0.01397997 0.01393106 0.01493002 0.08460595 0.01368207 0.01452298 0.01408228 0.01449166 0.01452055 0.01445671 0.01364555 0.01437582 0.01339656 0.01354674 0.01415080 0.01445792 0.01395099 0.01382570 0.01384860 0.01584136 0.01393034 0.01421936 0.01536084 0.01412644 0.15250401 0.01493212 0.01325876 0.01561803 0.08380175 0.01388850 0.01409992 0.01450885 0.01377856 0.01565668 0.01446530 0.01394285 0.01451333
F_34 0.01423008 0.01441959 0 0.01378575 0.01313121 0.01433097 0.01380991 0.01379678 0.01484602 0.01557156 0.16114790 0.01379304 0.01379024 0.01278938 0.01446121 0.01391394 0.01380841 0.01348459 0.01352377 0.01331263 0.01276293 0.01375069 0.01332152 0.01379506 0.01266265 0.01384695 0.00001642 0.01239996 0.00981055 0.01282859 0.01431763 0.01379374 0.07571145 0.01344525 0.01363666 0.01475409 0.01376561 0.01437220 0.01341226 0.01344808 0.01378237 0.01380268 0.07566422 0.01337184 0.01331285 0.01395517 0.15198083 0.01351704 0.01381565 0.01310243 0.01327341 0.01382907 0.00958868 0.01379809 0.01158545 0.01379994 0.01326339 0.01369216 0.01413265 0.01378409 0.01344053 0.01359735 0.01380265 0.01404530 0.01381334 0.08321764 0.01379769 0.01382219 0.01075428 0.01272352 0.01260773 0.01383637 0.01378174 0.01341204 0.01475682 0.01325879 0.01324018 0.08431466 0.01430535 0.01379815 0.01334402 0.01378768 0.01378285 0.01380306 0.01294503 0.01345716 0.01388941 0.01392125 0.01337748 0.01381333 0.01475242 0.01426768 0.01441883 0.01338570 0.01476678 0.01352308 0.01320228 0.01323245 0.15190479 0.01274529 0.01381358 0.01326919 0.08250541 0.01482486 0.01336311 0.01381127 0.01438649 0.01328319 0.01381475 0.01320817 0.01380484
F_25 0.01349142 0.01444718 0.01378575 0 0.01384834 0.01344453 0.00003625 0.00004931 0.01553356 0.01685625 0.16114790 0.00008261 0.00008346 0.01382899 0.01470011 0.01310512 0.00107526 0.01496628 0.01417525 0.00024593 0.01385922 0.00120945 0.00021931 0.00070830 0.01373567 0.01508596 0.01396793 0.01508755 0.01397948 0.01419876 0.01336845 0.00003106 0.07527219 0.01411674 0.01498786 0.01523007 0.00000330 0.01353207 0.00022804 0.01482021 0.00009055 0.00146753 0.07528634 0.00021504 0.00028984 0.01339033 0.15227293 0.01414524 0.00002840 0.01423661 0.00021697 0.00004541 0.01449898 0.00003532 0.01459242 0.00000900 0.00020855 0.00055535 0.01347620 0.00106377 0.00023005 0.01517796 0.00101021 0.01316321 0.00066300 0.08184115 0.00070263 0.00002862 0.01624693 0.01425455 0.01379833 0.00110060 0.00002818 0.00022398 0.01581787 0.00028492 0.01534493 0.08281388 0.01345311 0.00020206 0.00026470 0.00001340 0.00004733 0.00062921 0.00021114 0.01414132 0.01333624 0.01390325 0.00021199 0.00062543 0.01550047 0.01357334 0.01356877 0.01498037 0.01535623 0.01412829 0.01446636 0.00022174 0.15217909 0.01385835 0.01311740 0.01486960 0.07991013 0.01554765 0.00025187 0.00021266 0.01341824 0.01480056 0.00063552 0.00022474 0.00000993
s_2971 0.01473687 0.01491027 0.01313121 0.01384834 0 0.01483842 0.01367157 0.01358296 0.01532657 0.01259440 0.04793388 0.01361979 0.01360013 0.01187080 0.00147501 0.01426445 0.01376265 0.01158883 0.01489634 0.01312042 0.01187558 0.01371738 0.01327491 0.01371516 0.01185860 0.01232920 0.01317032 0.01265837 0.01277648 0.01242066 0.01467491 0.01375313 0.07152271 0.01492534 0.01181529 0.01524177 0.01379129 0.01487137 0.01325382 0.01074917 0.01355192 0.01341618 0.07148479 0.01333851 0.01325629 0.01440405 0.14469574 0.01485879 0.01365063 0.01215403 0.01316884 0.01378734 0.01315297 0.01374808 0.01269637 0.01380228 0.01322133 0.01380472 0.01463414 0.01393052 0.01323138 0.01172718 0.01377393 0.01446493 0.01368425 0.08159506 0.01370739 0.01367315 0.01507898 0.01187704 0.01185635 0.01396659 0.01366909 0.01326198 0.01563418 0.01320724 0.01171137 0.08221267 0.01475706 0.01332711 0.01339475 0.01388650 0.01356497 0.01377559 0.01274044 0.01503626 0.01465035 0.01487126 0.01311199 0.01374573 0.01526725 0.01479386 0.01488635 0.01164538 0.01504153 0.01489760 0.01096090 0.01298794 0.14189738 0.01187481 0.01460422 0.01135064 0.08080545 0.01533581 0.01334728 0.01319058 0.01474640 0.01150818 0.01369760 0.01313499 0.01376777
s_2940 0.00016955 0.01375526 0.01433097 0.01344453 0.01483842 0 0.01296399 0.01318893 0.00338755 0.01776010 0.04008847 0.01315792 0.01318069 0.01452696 0.01562801 0.00020137 0.01286900 0.01617822 0.01486406 0.01292450 0.01454677 0.01263963 0.01290630 0.01434786 0.01452762 0.01594237 0.01446638 0.01429059 0.01447648 0.01313966 0.00016778 0.01296978 0.07417184 0.01447239 0.01611807 0.00385781 0.01345005 0.00019731 0.01305454 0.01545117 0.01312984 0.01364319 0.07415497 0.01302687 0.01300831 0.00061160 0.14670974 0.01460331 0.01298820 0.01482353 0.01291380 0.01351246 0.01432165 0.01290459 0.01487070 0.01329022 0.01307493 0.01434327 0.00017806 0.01267025 0.01305426 0.01606457 0.01288250 0.00020475 0.01437299 0.07895291 0.01440063 0.01297585 0.01578351 0.01482267 0.01449092 0.01266059 0.01289102 0.01310207 0.00349941 0.01300567 0.01563110 0.07981872 0.00018182 0.01318362 0.01286933 0.01336805 0.01319480 0.01436527 0.01306711 0.01451933 0.00071527 0.01453513 0.01309857 0.01426268 0.00344273 0.00018584 0.00024871 0.01598191 0.00320209 0.01451715 0.01548246 0.01305378 0.14288210 0.01452577 0.00017766 0.01569375 0.07441441 0.00339639 0.01288932 0.01309095 0.00030541 0.01581031 0.01436667 0.01291786 0.01332777
F_28 0.01340048 0.01445218 0.01380991 0.00003625 0.01367157 0.01296399 0 0.00002889 0.01429912 0.01680854 0.16114790 0.00002758 0.00002816 0.01380425 0.01464146 0.01304847 0.00011825 0.01484823 0.01412062 0.00022568 0.01382737 0.00020159 0.00019776 0.00149643 0.01379343 0.01511054 0.01392827 0.01504283 0.01400187 0.01413888 0.01287112 0.00000752 0.07519301 0.01405099 0.01492419 0.01516748 0.00003166 0.01299010 0.00020451 0.01480789 0.00002996 0.00146783 0.07521733 0.00019331 0.00026790 0.01236422 0.15229398 0.01406905 0.00000423 0.01395955 0.00019259 0.00002747 0.01445824 0.00000470 0.01447364 0.00002793 0.00018718 0.00139163 0.01351423 0.00002300 0.00020863 0.01510779 0.00011918 0.01264116 0.00142311 0.07984534 0.00145660 0.00000493 0.01691833 0.01395816 0.01373825 0.00002650 0.00000493 0.00020320 0.01463945 0.00025912 0.01549147 0.08078760 0.01293144 0.00018088 0.00021539 0.00002586 0.00002908 0.00141053 0.00019058 0.01408847 0.01251067 0.01384878 0.00019070 0.00141302 0.01428563 0.01363323 0.01308121 0.01494183 0.01414736 0.01406122 0.01443255 0.00020057 0.15200075 0.01382731 0.01256982 0.01475706 0.07612438 0.01437951 0.00023106 0.00018384 0.01300812 0.01488645 0.00141742 0.00020672 0.00002955
F_18 0.01304279 0.01451753 0.01379678 0.00004931 0.01358296 0.01318893 0.00002889 0 0.01498205 0.01680204 0.16114790 0.00000971 0.00001021 0.01383258 0.01485696 0.01273405 0.00035434 0.01482015 0.01428763 0.00007219 0.01385313 0.00043839 0.00004440 0.00024100 0.01373007 0.01493502 0.01402034 0.01457414 0.01396677 0.01418310 0.01313844 0.00003176 0.07609427 0.01422082 0.01489556 0.01442823 0.00004854 0.01322880 0.00004168 0.01478155 0.00001772 0.00122858 0.07610941 0.00003089 0.00010969 0.01299512 0.15237258 0.01423813 0.00002938 0.01402409 0.00004253 0.00001212 0.01419529 0.00003185 0.01434010 0.00006277 0.00002678 0.00014420 0.01302818 0.00035947 0.00004618 0.01510212 0.00035384 0.01297173 0.00015397 0.08152687 0.00019541 0.00002815 0.01574333 0.01402270 0.01374757 0.00036234 0.00002731 0.00004859 0.01528319 0.00010816 0.01461682 0.08258251 0.01322497 0.00001212 0.00008413 0.00004498 0.00001456 0.00015916 0.00003706 0.01423195 0.01316643 0.01389635 0.00003652 0.00015446 0.01490474 0.01312087 0.01333160 0.01493550 0.01498177 0.01423301 0.01443618 0.00004078 0.15193181 0.01385445 0.01282404 0.01472596 0.07938048 0.01498388 0.00007293 0.00002183 0.01321771 0.01485481 0.00015664 0.00004974 0.00004884
F_11 0.00428719 0.01394503 0.01484602 0.01553356 0.01532657 0.00338755 0.01429912 0.01498205 0 0.01741406 0.16114790 0.01504236 0.01497065 0.01519326 0.01612309 0.00422509 0.01329558 0.01551839 0.01588140 0.01435646 0.01519439 0.01329257 0.01430969 0.01456864 0.01518551 0.01523094 0.01503979 0.01632397 0.01518146 0.01532926 0.00336718 0.01430152 0.07555756 0.01575444 0.01543404 0.00080937 0.01554788 0.00341359 0.01440771 0.01514418 0.01492145 0.01444307 0.07554793 0.01442659 0.01437539 0.00363583 0.15129657 0.01585446 0.01431472 0.01500797 0.01439808 0.01543760 0.01506077 0.01437015 0.01531521 0.01546532 0.01450754 0.01427986 0.00428605 0.01430274 0.01465501 0.01544136 0.01322998 0.00348417 0.01450537 0.08014214 0.01442804 0.01438670 0.01782677 0.01500769 0.01534007 0.01439367 0.01431350 0.01448203 0.00002178 0.01441016 0.01625955 0.08073035 0.00335114 0.01496791 0.01434208 0.01546609 0.01497525 0.01449961 0.01410842 0.01589638 0.00337745 0.01481338 0.01452808 0.01427907 0.00001178 0.00434731 0.00340601 0.01535545 0.00011659 0.01575161 0.01460299 0.01449948 0.15063467 0.01518923 0.00319913 0.01507856 0.07690150 0.00000166 0.01431247 0.01495741 0.00365355 0.01521119 0.01428238 0.01412420 0.01552034
s_2968 0.01759277 0.01766818 0.01557156 0.01685625 0.01259440 0.01776010 0.01680854 0.01680204 0.01741406 0 0.09782255 0.01684125 0.01685465 0.01457924 0.01499097 0.01708302 0.01609314 0.00198559 0.01859743 0.01663276 0.01451334 0.01616404 0.01659514 0.01596441 0.01450640 0.00382739 0.01586210 0.01550947 0.01559160 0.01557259 0.01766019 0.01681014 0.07494753 0.01854266 0.00218941 0.01749397 0.01686045 0.01779604 0.01677757 0.00233033 0.01677087 0.01664625 0.07502038 0.01665317 0.01670584 0.01669481 0.14498764 0.01856468 0.01681806 0.01568316 0.01637577 0.01686045 0.01615592 0.01681354 0.01563855 0.01680797 0.01667199 0.01601562 0.01744891 0.01693825 0.01669488 0.00215731 0.01609057 0.01732745 0.01598316 0.08377407 0.01602117 0.01682021 0.01705142 0.01537224 0.01459067 0.01694354 0.01681236 0.01678452 0.01758604 0.01674340 0.01461396 0.08361067 0.01779503 0.01677919 0.01659315 0.01680950 0.01676521 0.01598937 0.01613168 0.01866665 0.01697313 0.01789333 0.01654084 0.01598890 0.01731781 0.01760976 0.01781625 0.00214879 0.01728841 0.01863849 0.00281448 0.01650082 0.14329371 0.01457437 0.01718356 0.00222976 0.08193191 0.01741194 0.01682066 0.01676513 0.01761748 0.00202834 0.01599721 0.01651095 0.01683242
F_62 0.03623728 0.16114790 0.16114790 0.16114790 0.04793388 0.04008847 0.16114790 0.16114790 0.16114790 0.09782255 0 0.16114790 0.16114790 0.16114790 0.08440047 0.04788639 0.16114790 0.04854369 0.16114790 0.05704170 0.16114790 0.16114790 0.03210095 0.16114790 0.08057395 0.03412322 0.16114790 0.16114790 0.16114790 0.16114790 0.05553442 0.16114790 0.16629956 0.16114790 0.04801762 0.16114790 0.16114790 0.04008847 0.03602484 0.16114790 0.16114790 0.05427509 0.16629956 0.04132465 0.05923203 0.03288288 0.16652927 0.16114790 0.16114790 0.03222958 0.05745769 0.16114790 0.16114790 0.16158285 0.06528452 0.16114790 0.03624628 0.03222958 0.03599801 0.16114790 0.03625528 0.04265264 0.16114790 0.03599801 0.16158285 0.08523059 0.16114790 0.16114790 0.16158285 0.03222958 0.16114790 0.16158285 0.16114790 0.03207965 0.16114790 0.04322084 0.16114790 0.05570393 0.08635334 0.16114790 0.03839380 0.16114790 0.16114790 0.16114790 0.03209385 0.16114790 0.04106485 0.16114790 0.03623728 0.16114790 0.16114790 0.04804212 0.04673496 0.04276187 0.16114790 0.16114790 0.03896104 0.04802632 0.16629956 0.16114790 0.04677988 0.03598547 0.09074074 0.16114790 0.05925623 0.16114790 0.02738185 0.03325040 0.16114790 0.03629132 0.16114790
F_47 0.01301342 0.01450048 0.01379304 0.00008261 0.01361979 0.01315792 0.00002758 0.00000971 0.01504236 0.01684125 0.16114790 0 0.00000219 0.01384206 0.01485339 0.01267193 0.00039870 0.01492154 0.01428631 0.00007012 0.01386237 0.00049394 0.00004157 0.00030324 0.01380210 0.01510399 0.01404182 0.01458859 0.01396676 0.01418376 0.01311785 0.00003029 0.07624528 0.01420845 0.01495456 0.01446734 0.00008146 0.01319814 0.00003883 0.01493911 0.00005369 0.00129085 0.07615390 0.00002948 0.00010717 0.01297953 0.15230009 0.01422620 0.00002717 0.01425116 0.00004019 0.00001139 0.01418941 0.00003013 0.01427004 0.00013796 0.00002539 0.00014275 0.01300744 0.00039619 0.00004406 0.01512841 0.00035083 0.01295266 0.00021301 0.08147137 0.00025813 0.00002732 0.01573777 0.01424950 0.01380501 0.00042265 0.00002633 0.00004721 0.01531971 0.00010710 0.01466882 0.08254302 0.01319341 0.00000971 0.00008231 0.00012084 0.00001554 0.00021941 0.00003526 0.01423117 0.01314598 0.01387318 0.00003417 0.00020994 0.01500103 0.01309920 0.01330993 0.01496311 0.01501201 0.01418593 0.01446986 0.00003845 0.15193225 0.01385783 0.01279008 0.01483926 0.07937110 0.01506009 0.00007084 0.00002091 0.01318071 0.01491224 0.00021985 0.00004814 0.00012368
F_17 0.01304612 0.01450227 0.01379024 0.00008346 0.01360013 0.01318069 0.00002816 0.00001021 0.01497065 0.01685465 0.16114790 0.00000219 0 0.01380789 0.01485509 0.01267728 0.00040653 0.01488815 0.01427844 0.00007084 0.01383712 0.00050749 0.00004301 0.00030433 0.01380310 0.01493538 0.01404005 0.01460561 0.01396760 0.01418382 0.01313824 0.00003029 0.07629014 0.01420717 0.01496377 0.01451604 0.00008265 0.01322824 0.00004124 0.01468371 0.00005473 0.00129119 0.07612782 0.00003141 0.00010862 0.01298350 0.15231824 0.01422265 0.00002546 0.01402926 0.00004186 0.00001191 0.01420563 0.00002965 0.01423249 0.00013952 0.00002705 0.00014371 0.01303117 0.00039754 0.00004527 0.01514173 0.00035097 0.01297589 0.00021504 0.08163277 0.00025886 0.00002644 0.01576183 0.01402760 0.01379516 0.00042255 0.00002657 0.00004913 0.01532220 0.00010903 0.01467102 0.08270842 0.01322365 0.00001166 0.00008303 0.00012140 0.00001533 0.00022208 0.00003618 0.01420325 0.01314973 0.01388311 0.00003561 0.00021042 0.01493436 0.01312187 0.01333005 0.01497723 0.01500386 0.01421559 0.01448263 0.00004035 0.15195271 0.01383834 0.01282023 0.01479243 0.07942167 0.01494160 0.00007253 0.00002116 0.01320376 0.01478013 0.00021985 0.00004956 0.00012344
F_12 0.01447854 0.01495538 0.01278938 0.01382899 0.01187080 0.01452696 0.01380425 0.01383258 0.01519326 0.01457924 0.16114790 0.01384206 0.01380789 0 0.01333035 0.01402731 0.01385972 0.01312752 0.01478926 0.01342108 0.00000000 0.01369776 0.01340854 0.01384404 0.00000026 0.01343045 0.01299481 0.01232494 0.01309640 0.01268929 0.01457739 0.01375804 0.07565178 0.01467630 0.01312098 0.01505164 0.01386405 0.01458140 0.01346923 0.01263170 0.01383705 0.01312359 0.07564202 0.01361566 0.01333608 0.01421299 0.15182984 0.01461568 0.01377347 0.00914603 0.01338565 0.01382250 0.01306247 0.01379396 0.01309280 0.01383723 0.01330552 0.01373493 0.01451107 0.01383685 0.01355247 0.01304605 0.01386139 0.01436036 0.01381188 0.08368305 0.01384037 0.01377267 0.01476814 0.00914495 0.00007087 0.01383418 0.01377363 0.01347790 0.01522094 0.01333410 0.01264041 0.08443494 0.01452491 0.01383330 0.01342807 0.01384765 0.01383744 0.01380888 0.01300898 0.01472999 0.01403512 0.01485601 0.01346067 0.01386418 0.01521228 0.01459010 0.01464413 0.01296389 0.01509146 0.01462343 0.01235765 0.01345482 0.15213186 0.00000078 0.01409028 0.01283099 0.08341524 0.01518925 0.01342204 0.01381102 0.01455993 0.01285178 0.01382646 0.01325720 0.01385963
s_2961 0.01543194 0.01641165 0.01446121 0.01470011 0.00147501 0.01562801 0.01464146 0.01485696 0.01612309 0.01499097 0.08440047 0.01485339 0.01485509 0.01333035 0 0.01513664 0.01461657 0.01384167 0.01584848 0.01390229 0.01333475 0.01454329 0.01417097 0.01461950 0.01330039 0.01389873 0.01466068 0.01399340 0.01487399 0.01419906 0.01542532 0.01477508 0.06898218 0.01569422 0.01371171 0.01606034 0.01450771 0.01563732 0.01412470 0.01295607 0.01480489 0.01377764 0.06890820 0.01413698 0.01431033 0.01535475 0.14394795 0.01567271 0.01463411 0.01423674 0.01380051 0.01465471 0.01541814 0.01476570 0.01441226 0.01477156 0.01418136 0.01478180 0.01552896 0.01468013 0.01419462 0.01347071 0.01467324 0.01576610 0.01463140 0.07942358 0.01465371 0.01463718 0.01608621 0.01423674 0.01334087 0.01477456 0.01463807 0.01428951 0.01658253 0.01386841 0.01321521 0.07920326 0.01569078 0.01426855 0.01423775 0.01484293 0.01468998 0.01469475 0.01391717 0.01625536 0.01610779 0.01687867 0.01416065 0.01463630 0.01609964 0.01557411 0.01560395 0.01357087 0.01545746 0.01569015 0.01261636 0.01427902 0.13792990 0.01332524 0.01488147 0.01346099 0.07957314 0.01611932 0.01421713 0.01422448 0.01564683 0.01320061 0.01465234 0.01416802 0.01465129
s_2912 0.00018071 0.01343347 0.01391394 0.01310512 0.01426445 0.00020137 0.01304847 0.01273405 0.00422509 0.01708302 0.04788639 0.01267193 0.01267728 0.01402731 0.01513664 0 0.01322746 0.01563838 0.01453135 0.01252279 0.01400855 0.01311097 0.01255924 0.01306299 0.01395232 0.01538757 0.01400598 0.01406048 0.01406232 0.01246729 0.00020777 0.01301135 0.07200006 0.01421575 0.01555622 0.00382368 0.01311577 0.00022138 0.01258316 0.01488596 0.01261147 0.01321456 0.07203139 0.01256211 0.01253700 0.00109610 0.14240056 0.01426826 0.01313052 0.01431676 0.01250208 0.01312369 0.01381257 0.01311685 0.01442802 0.01309438 0.01258215 0.01311303 0.00018498 0.01332123 0.01258654 0.01548919 0.01321797 0.00018646 0.01312592 0.07968925 0.01309514 0.01313160 0.01467355 0.01431618 0.01403216 0.01332487 0.01314620 0.01256506 0.00432393 0.01249743 0.01492140 0.07995695 0.00022156 0.01266042 0.01251323 0.01321967 0.01267926 0.01306558 0.01253490 0.01426531 0.00119627 0.01404057 0.01257894 0.01306051 0.00423881 0.00018486 0.00028944 0.01529576 0.00391828 0.01429739 0.01494471 0.01260137 0.13861658 0.01406776 0.00019826 0.01516673 0.07566206 0.00423447 0.01251547 0.01259647 0.00032615 0.01541779 0.01311137 0.01255169 0.01310135
F_43 0.01358424 0.01451293 0.01380841 0.00107526 0.01376265 0.01286900 0.00011825 0.00035434 0.01329558 0.01609314 0.16114790 0.00039870 0.00040653 0.01385972 0.01461657 0.01322746 0 0.01413942 0.01435587 0.00027128 0.01387217 0.00005505 0.00028233 0.00136394 0.01380552 0.01429759 0.01392897 0.01524536 0.01403552 0.01421218 0.01265984 0.00011957 0.07529672 0.01387463 0.01406192 0.01391544 0.00106640 0.01291278 0.00028265 0.01363443 0.00035378 0.00146470 0.07564136 0.00032692 0.00031834 0.01253413 0.15221771 0.01420151 0.00012015 0.01432110 0.00024199 0.00100584 0.01420631 0.00012201 0.01447645 0.00100943 0.00034997 0.00125214 0.01357604 0.00002346 0.00033842 0.01422079 0.00002412 0.01243471 0.00135374 0.07998742 0.00136843 0.00011702 0.01687128 0.01431971 0.01367812 0.00002221 0.00011813 0.00034252 0.01356580 0.00032395 0.01513083 0.08055305 0.01279913 0.00034038 0.00037778 0.00102684 0.00034841 0.00136459 0.00031792 0.01393424 0.01299793 0.01381922 0.00027814 0.00135562 0.01309506 0.01357827 0.01294199 0.01404245 0.01312511 0.01393198 0.01367176 0.00033128 0.15130213 0.01386369 0.01236717 0.01388562 0.07540396 0.01324229 0.00029430 0.00036189 0.01284511 0.01399666 0.00136557 0.00033934 0.00101045
s_2970 0.01602995 0.01594726 0.01348459 0.01496628 0.01158883 0.01617822 0.01484823 0.01482015 0.01551839 0.00198559 0.04854369 0.01492154 0.01488815 0.01312752 0.01384167 0.01563838 0.01413942 0 0.01641937 0.01475675 0.01308731 0.01406758 0.01490371 0.01397889 0.01312479 0.00250098 0.01395425 0.01390737 0.01390307 0.01404568 0.01614690 0.01490046 0.07473489 0.01660011 0.00091490 0.01544669 0.01495844 0.01626403 0.01506316 0.00089455 0.01492305 0.01490045 0.07470607 0.01495581 0.01504478 0.01532436 0.14606492 0.01637894 0.01486476 0.01349000 0.01486639 0.01496605 0.01438090 0.01490061 0.01393025 0.01490231 0.01489196 0.01397688 0.01595433 0.01493410 0.01498894 0.00077148 0.01397551 0.01578950 0.01391873 0.08153127 0.01390674 0.01485633 0.01547946 0.01330918 0.01312824 0.01497508 0.01485145 0.01507143 0.01572951 0.01501321 0.01284312 0.08226262 0.01620201 0.01485137 0.01498434 0.01504840 0.01489378 0.01397645 0.01440608 0.01651618 0.01530569 0.01606546 0.01491220 0.01395900 0.01544083 0.01607438 0.01629875 0.00073810 0.01542454 0.01653898 0.00149240 0.01483041 0.14596591 0.01310147 0.01571276 0.00069783 0.08004410 0.01553232 0.01510109 0.01484334 0.01608695 0.00065078 0.01392453 0.01485751 0.01489021
F_29 0.01482036 0.01432826 0.01352377 0.01417525 0.01489634 0.01486406 0.01412062 0.01428763 0.01588140 0.01859743 0.16114790 0.01428631 0.01427844 0.01478926 0.01584848 0.01453135 0.01435587 0.01641937 0 0.01371692 0.01480404 0.01425946 0.01380446 0.01439964 0.01454556 0.01686529 0.01367330 0.01470795 0.01410581 0.01462725 0.01486070 0.01417010 0.07462075 0.00000365 0.01643152 0.01574916 0.01415735 0.01491143 0.01373304 0.01631677 0.01414466 0.01408533 0.07444666 0.01377000 0.01371751 0.01457027 0.15114049 0.00000689 0.01416063 0.01464698 0.01364088 0.01419173 0.01442303 0.01416217 0.01325616 0.01416026 0.01356138 0.01406593 0.01490155 0.01411883 0.01384164 0.01651167 0.01433310 0.01463213 0.01431363 0.08164880 0.01421526 0.01416455 0.01538153 0.01464392 0.01448473 0.01419630 0.01420205 0.01369728 0.01571796 0.01342473 0.01510724 0.08280112 0.01484329 0.01415255 0.01371053 0.01433556 0.01419604 0.01411834 0.01315379 0.00000583 0.01432970 0.01479567 0.01366639 0.01408694 0.01599948 0.01493926 0.01506537 0.01643412 0.01570368 0.00000838 0.01578796 0.01361799 0.15105909 0.01479177 0.01453757 0.01615246 0.08053327 0.01598587 0.01372219 0.01411901 0.01490968 0.01630358 0.01408050 0.01347896 0.01411743
s_2917 0.01278145 0.01402265 0.01331263 0.00024593 0.01312042 0.01292450 0.00022568 0.00007219 0.01435646 0.01663276 0.05704170 0.00007012 0.00007084 0.01342108 0.01390229 0.01252279 0.00027128 0.01475675 0.01371692 0 0.01341488 0.00050566 0.00015502 0.00040398 0.01328510 0.01477399 0.01344960 0.01410869 0.01359833 0.01357986 0.01291381 0.00023232 0.07196938 0.01360158 0.01466805 0.01398645 0.00024438 0.01293508 0.00014015 0.01409522 0.00021174 0.00139210 0.07200824 0.00012593 0.00024639 0.01319316 0.14502720 0.01364287 0.00022887 0.01389181 0.00015728 0.00020809 0.01416296 0.00022492 0.01391683 0.00024193 0.00012219 0.00032845 0.01283701 0.00041895 0.00013555 0.01475907 0.00041198 0.01294977 0.00032872 0.07996272 0.00037348 0.00022812 0.01518408 0.01389153 0.01332919 0.00027569 0.00022828 0.00016411 0.01460214 0.00025660 0.01409812 0.08124190 0.01290574 0.00006590 0.00019824 0.00010267 0.00020977 0.00033237 0.00013452 0.01373101 0.01333855 0.01354257 0.00012244 0.00033520 0.01435328 0.01286334 0.01301807 0.01464831 0.01401533 0.01357926 0.01430999 0.00010246 0.14448773 0.01341795 0.01282829 0.01445374 0.07706044 0.01436165 0.00020439 0.00008039 0.01299525 0.01463379 0.00033925 0.00016181 0.00024732
F_53 0.01449792 0.01493077 0.01276293 0.01385922 0.01187558 0.01454677 0.01382737 0.01385313 0.01519439 0.01451334 0.16114790 0.01386237 0.01383712 0.00000000 0.01333475 0.01400855 0.01387217 0.01308731 0.01480404 0.01341488 0 0.01371919 0.01342122 0.01386257 0.00000828 0.01326064 0.01296078 0.01230012 0.01309715 0.01270016 0.01459741 0.01380696 0.07587409 0.01465990 0.01312403 0.01507152 0.01387824 0.01459886 0.01347586 0.01260816 0.01386680 0.01316740 0.07588155 0.01350595 0.01332702 0.01422351 0.15190129 0.01468456 0.01377398 0.00914410 0.01338334 0.01383545 0.01306215 0.01379480 0.01308756 0.01380908 0.01330325 0.01373434 0.01452451 0.01385023 0.01355013 0.01302951 0.01386400 0.01437372 0.01381362 0.08363297 0.01384081 0.01382712 0.01468710 0.00914302 0.00006688 0.01381512 0.01382168 0.01346602 0.01515887 0.01345786 0.01262148 0.08441526 0.01448308 0.01384993 0.01347305 0.01381584 0.01385509 0.01382957 0.01301713 0.01473271 0.01405631 0.01489391 0.01347274 0.01386378 0.01514379 0.01460221 0.01466706 0.01294139 0.01509738 0.01470465 0.01235594 0.01346352 0.15213192 0.00000052 0.01410924 0.01282113 0.08334545 0.01518998 0.01342580 0.01382961 0.01458146 0.01285198 0.01383359 0.01328248 0.01381920
F_35 0.01341071 0.01431468 0.01375069 0.00120945 0.01371738 0.01263963 0.00020159 0.00043839 0.01329257 0.01616404 0.16114790 0.00049394 0.00050749 0.01369776 0.01454329 0.01311097 0.00005505 0.01406758 0.01425946 0.00050566 0.01371919 0 0.00050389 0.00148200 0.01368306 0.01443731 0.01390613 0.01523131 0.01394165 0.01415262 0.01241438 0.00020894 0.07485314 0.01390002 0.01410676 0.01396664 0.00120403 0.01268640 0.00051973 0.01384948 0.00042521 0.00168225 0.07487489 0.00055589 0.00054971 0.01247985 0.15195063 0.01410062 0.00020929 0.01417191 0.00045985 0.00111594 0.01440679 0.00020569 0.01410561 0.00114834 0.00058277 0.00133345 0.01328626 0.00007480 0.00057384 0.01429522 0.00006486 0.01216850 0.00144073 0.07913256 0.00146701 0.00020149 0.01682592 0.01417071 0.01356618 0.00007631 0.00020725 0.00057226 0.01348607 0.00054889 0.01510110 0.08033681 0.01262071 0.00060431 0.00057814 0.00116302 0.00042739 0.00148701 0.00053897 0.01388982 0.01266232 0.01371491 0.00050007 0.00149668 0.01310504 0.01352500 0.01271126 0.01411101 0.01298740 0.01387882 0.01377010 0.00056861 0.15114291 0.01369842 0.01210285 0.01398073 0.07530066 0.01326408 0.00051600 0.00060991 0.01262699 0.01407619 0.00150799 0.00056629 0.00115151
s_2904 0.01286135 0.01409542 0.01332152 0.00021931 0.01327491 0.01290630 0.00019776 0.00004440 0.01430969 0.01659514 0.03210095 0.00004157 0.00004301 0.01340854 0.01417097 0.01255924 0.00028233 0.01490371 0.01380446 0.00015502 0.01342122 0.00050389 0 0.00039606 0.01329132 0.01595206 0.01344991 0.01409598 0.01359755 0.01366360 0.01288452 0.00020512 0.07241841 0.01371730 0.01480979 0.01401112 0.00021763 0.01295078 0.00010633 0.01428559 0.00018428 0.00131739 0.07246031 0.00009088 0.00019485 0.01302516 0.14573101 0.01373304 0.00020142 0.01387304 0.00011301 0.00017945 0.01418077 0.00020348 0.01397538 0.00021500 0.00008146 0.00032048 0.01287423 0.00043107 0.00009935 0.01472269 0.00042385 0.01291755 0.00031993 0.08025196 0.00036530 0.00020162 0.01526637 0.01385906 0.01330150 0.00028911 0.00020180 0.00011391 0.01454637 0.00021679 0.01413488 0.08131582 0.01291390 0.00003674 0.00016477 0.00007483 0.00018341 0.00032380 0.00009118 0.01382673 0.01333421 0.01354948 0.00008786 0.00032819 0.01429594 0.01289924 0.01298891 0.01465335 0.01396776 0.01367572 0.01428102 0.00009277 0.14547435 0.01342410 0.01282170 0.01456937 0.07719086 0.01431593 0.00017370 0.00005456 0.01299242 0.01478609 0.00033057 0.00011697 0.00022081
F_51 0.01357232 0.01445462 0.01379506 0.00070830 0.01371516 0.01434786 0.00149643 0.00024100 0.01456864 0.01596441 0.16114790 0.00030324 0.00030433 0.01384404 0.01461950 0.01306299 0.00136394 0.01397889 0.01439964 0.00040398 0.01386257 0.00148200 0.00039606 0 0.01370332 0.01410354 0.01391629 0.01508856 0.01400170 0.01413084 0.01422493 0.00142800 0.07535473 0.01421660 0.01400033 0.01397016 0.00068479 0.01435837 0.00040383 0.01361485 0.00030596 0.00166102 0.07538897 0.00032966 0.00046197 0.01387187 0.15228637 0.01425816 0.00148336 0.01422012 0.00039213 0.00064029 0.01445368 0.00148152 0.01445443 0.00064116 0.00037889 0.00001972 0.01354479 0.00144339 0.00040296 0.01416608 0.00124968 0.01400140 0.00002148 0.08167798 0.00003284 0.00149465 0.01528333 0.01421873 0.01384515 0.00146788 0.00149506 0.00039985 0.01486337 0.00044440 0.01487713 0.08257843 0.01420367 0.00044975 0.00040477 0.00067550 0.00022400 0.00001664 0.00037638 0.01407364 0.01422320 0.01385161 0.00038841 0.00002472 0.01457909 0.01363964 0.01431707 0.01400173 0.01442215 0.01421570 0.01355389 0.00039234 0.15138306 0.01384565 0.01388325 0.01387892 0.07956216 0.01457682 0.00042593 0.00040073 0.01431501 0.01382109 0.00002888 0.00039472 0.00071210
F_42 0.01447695 0.01491220 0.01266265 0.01373567 0.01185860 0.01452762 0.01379343 0.01373007 0.01518551 0.01450640 0.08057395 0.01380210 0.01380310 0.00000026 0.01330039 0.01395232 0.01380552 0.01312479 0.01454556 0.01328510 0.00000828 0.01368306 0.01329132 0.01370332 0 0.01345012 0.01293857 0.01231531 0.01305918 0.01270603 0.01457681 0.01377457 0.07542400 0.01460935 0.01315168 0.01506575 0.01384472 0.01458146 0.01343120 0.01256039 0.01374484 0.01317120 0.07540617 0.01356204 0.01331569 0.01419953 0.15141688 0.01454659 0.01374949 0.00902449 0.01325420 0.01380109 0.01306947 0.01373912 0.01304638 0.01368559 0.01317421 0.01360432 0.01450245 0.01381611 0.01341784 0.01305563 0.01380851 0.01435549 0.01375607 0.08358455 0.01372026 0.01375080 0.01461513 0.00902287 0.00007516 0.01367045 0.01378774 0.01342376 0.01522085 0.01321860 0.01242500 0.08440192 0.01452790 0.01379312 0.01331364 0.01369363 0.01373056 0.01370587 0.01289139 0.01457199 0.01403459 0.01475092 0.01334277 0.01382524 0.01521227 0.01457788 0.01465726 0.01294303 0.01508992 0.01463621 0.01236192 0.01333364 0.15174204 0.00000078 0.01412235 0.01283994 0.08330963 0.01519299 0.01339039 0.01377013 0.01456140 0.01285891 0.01379106 0.01321951 0.01378493
s_2909 0.01572716 0.01603378 0.01384695 0.01508596 0.01232920 0.01594237 0.01511054 0.01493502 0.01523094 0.00382739 0.03412322 0.01510399 0.01493538 0.01343045 0.01389873 0.01538757 0.01429759 0.00250098 0.01686529 0.01477399 0.01326064 0.01443731 0.01595206 0.01410354 0.01345012 0 0.01402690 0.01444608 0.01392073 0.01386594 0.01598603 0.01502132 0.06640028 0.01685726 0.00270350 0.01545693 0.01498728 0.01594096 0.01608893 0.00223542 0.01505444 0.01506172 0.06636224 0.01485559 0.01501108 0.01556852 0.13456896 0.01690269 0.01504223 0.01372765 0.01471030 0.01497447 0.01422538 0.01511550 0.01417156 0.01502356 0.01478246 0.01415256 0.01561892 0.01501818 0.01473539 0.00267362 0.01420480 0.01571668 0.01420797 0.06621049 0.01408838 0.01507005 0.01525666 0.01367885 0.01324433 0.01522441 0.01489971 0.01501532 0.01566602 0.01479639 0.01295538 0.06192707 0.01591869 0.01503129 0.01479667 0.01513426 0.01495607 0.01433665 0.01485928 0.01669579 0.01565882 0.01637726 0.01489426 0.01420741 0.01532624 0.01584930 0.01602308 0.00258189 0.01535884 0.01675353 0.00313232 0.01492927 0.13351020 0.01328372 0.01595161 0.00260784 0.05657754 0.01525353 0.01498389 0.01504044 0.01572324 0.00256443 0.01406937 0.01499955 0.01507525
F_40 0.01435641 0.01460157 0.00001642 0.01396793 0.01317032 0.01446638 0.01392827 0.01402034 0.01503979 0.01586210 0.16114790 0.01404182 0.01404005 0.01299481 0.01466068 0.01400598 0.01392897 0.01395425 0.01367330 0.01344960 0.01296078 0.01390613 0.01344991 0.01391629 0.01293857 0.01402690 0 0.01258334 0.00997556 0.01283525 0.01446461 0.01391133 0.07448786 0.01361832 0.01394888 0.01472268 0.01391928 0.01450405 0.01353684 0.01369091 0.01397484 0.01385242 0.07445955 0.01349549 0.01346920 0.01409991 0.15207429 0.01346799 0.01391022 0.01290880 0.01335174 0.01397107 0.00994395 0.01392321 0.01160452 0.01394540 0.01337664 0.01380837 0.01432282 0.01394711 0.01356022 0.01389052 0.01396079 0.01423947 0.01393585 0.08307277 0.01391455 0.01391882 0.00951039 0.01290851 0.01279374 0.01403468 0.01389734 0.01352792 0.01496242 0.01333083 0.01347966 0.08417314 0.01442332 0.01393290 0.01350076 0.01400440 0.01394693 0.01392007 0.01305314 0.01344290 0.01409364 0.01407025 0.01349220 0.01392682 0.01495121 0.01438073 0.01453153 0.01379628 0.01484301 0.01347296 0.01333135 0.01340210 0.15201714 0.01294761 0.01397927 0.01358069 0.08225297 0.01501926 0.01353677 0.01394558 0.01451125 0.01355780 0.01392762 0.01331913 0.01395829
F_58 0.01438755 0.01449737 0.01239996 0.01508755 0.01265837 0.01429059 0.01504283 0.01457414 0.01632397 0.01550947 0.16114790 0.01458859 0.01460561 0.01232494 0.01399340 0.01406048 0.01524536 0.01390737 0.01470795 0.01410869 0.01230012 0.01523131 0.01409598 0.01508856 0.01231531 0.01444608 0.01258334 0 0.01236073 0.01282234 0.01436898 0.01501044 0.07589979 0.01462762 0.01390943 0.01613958 0.01507604 0.01434209 0.01420397 0.01346589 0.01461883 0.01455522 0.07612139 0.01420416 0.01407455 0.01473992 0.15197929 0.01450272 0.01510673 0.01234756 0.01407932 0.01504046 0.01175786 0.01509374 0.01252119 0.01504462 0.01402414 0.01497027 0.01439232 0.01532657 0.01423634 0.01383476 0.01532993 0.01415498 0.01508760 0.08362580 0.01505320 0.01502258 0.01317421 0.01234700 0.01229428 0.01532548 0.01502330 0.01421770 0.01629632 0.01405619 0.01286980 0.08473241 0.01428152 0.01456812 0.01418981 0.01503711 0.01455912 0.01509828 0.01370486 0.01457378 0.01481058 0.01467511 0.01416539 0.01505969 0.01632748 0.01449967 0.01441863 0.01371778 0.01621624 0.01453124 0.01342696 0.01412387 0.15161337 0.01232075 0.01385780 0.01355907 0.08433281 0.01632029 0.01422637 0.01456639 0.01434655 0.01345909 0.01508431 0.01401646 0.01504737
F_13 0.01446609 0.01449920 0.00981055 0.01397948 0.01277648 0.01447648 0.01400187 0.01396677 0.01518146 0.01559160 0.16114790 0.01396676 0.01396760 0.01309640 0.01487399 0.01406232 0.01403552 0.01390307 0.01410581 0.01359833 0.01309715 0.01394165 0.01359755 0.01400170 0.01305918 0.01392073 0.00997556 0.01236073 0 0.01290794 0.01447125 0.01400172 0.07586927 0.01408149 0.01389227 0.01510113 0.01397438 0.01454977 0.01370006 0.01366891 0.01397404 0.01375673 0.07581506 0.01363619 0.01364703 0.01415496 0.15047622 0.01383906 0.01398921 0.01303501 0.01353339 0.01397060 0.00220879 0.01400221 0.01127266 0.01396473 0.01353446 0.01391927 0.01444762 0.01398674 0.01371362 0.01382280 0.01401816 0.01436114 0.01403774 0.08379462 0.01402018 0.01400520 0.00394658 0.01303388 0.01298413 0.01398094 0.01399569 0.01368565 0.01510990 0.01363338 0.01292833 0.08452674 0.01447548 0.01397571 0.01367506 0.01396994 0.01395358 0.01401312 0.01319482 0.01390890 0.01415458 0.01414542 0.01366108 0.01403014 0.01513754 0.01446898 0.01457265 0.01374767 0.01508441 0.01383470 0.01297184 0.01358040 0.15150020 0.01309114 0.01405296 0.01355658 0.08358544 0.01518359 0.01371038 0.01397200 0.01457978 0.01364904 0.01402544 0.01349559 0.01398629
F_37 0.01280850 0.01467427 0.01282859 0.01419876 0.01242066 0.01313966 0.01413888 0.01418310 0.01532926 0.01557259 0.16114790 0.01418376 0.01418382 0.01268929 0.01419906 0.01246729 0.01421218 0.01404568 0.01462725 0.01357986 0.01270016 0.01415262 0.01366360 0.01413084 0.01270603 0.01386594 0.01283525 0.01282234 0.01290794 0 0.01307344 0.01415441 0.07623983 0.01455416 0.01406398 0.01521579 0.01420702 0.01317492 0.01380186 0.01353859 0.01413629 0.01401557 0.07603885 0.01384977 0.01368961 0.01251143 0.15111645 0.01443033 0.01414485 0.01275270 0.01358551 0.01416321 0.01270110 0.01412414 0.01291012 0.01418586 0.01367890 0.01404483 0.01279665 0.01419342 0.01375414 0.01404439 0.01416982 0.01270456 0.01415223 0.08352869 0.01416804 0.01415146 0.01423958 0.01275125 0.01264568 0.01417614 0.01412450 0.01377690 0.01524237 0.01379357 0.01308469 0.08411249 0.01309695 0.01420195 0.01367648 0.01420008 0.01416318 0.01416509 0.01331333 0.01443299 0.01246681 0.01467989 0.01376512 0.01417296 0.01530777 0.01278436 0.01317616 0.01397160 0.01520368 0.01449943 0.01338447 0.01375430 0.15079947 0.01262123 0.01274194 0.01374342 0.08301569 0.01537831 0.01376993 0.01414891 0.01294442 0.01374966 0.01414606 0.01357683 0.01420097
s_2939 0.00017761 0.01378085 0.01431763 0.01336845 0.01467491 0.00016778 0.01287112 0.01313844 0.00336718 0.01766019 0.05553442 0.01311785 0.01313824 0.01457739 0.01542532 0.00020777 0.01265984 0.01614690 0.01486070 0.01291381 0.01459741 0.01241438 0.01288452 0.01422493 0.01457681 0.01598603 0.01446461 0.01436898 0.01447125 0.01307344 0 0.01287087 0.07442653 0.01447649 0.01616410 0.00387764 0.01337558 0.00018547 0.01296573 0.01538053 0.01309500 0.01363323 0.07441840 0.01294846 0.01301195 0.00060788 0.14632264 0.01449967 0.01288591 0.01462357 0.01290839 0.01347662 0.01432240 0.01277795 0.01487755 0.01322584 0.01300210 0.01419109 0.00017972 0.01248619 0.01299284 0.01610626 0.01277008 0.00019191 0.01424818 0.07896834 0.01424666 0.01287595 0.01564099 0.01462271 0.01457022 0.01245499 0.01281764 0.01295838 0.00347177 0.01299076 0.01549930 0.07961035 0.00018967 0.01314214 0.01290176 0.01330720 0.01315175 0.01423950 0.01300850 0.01452465 0.00092905 0.01453245 0.01302402 0.01411576 0.00343225 0.00017717 0.00024485 0.01597989 0.00317870 0.01454666 0.01537667 0.01305792 0.14044449 0.01457650 0.00016525 0.01572654 0.07404409 0.00338225 0.01287672 0.01305333 0.00031731 0.01586133 0.01423884 0.01278714 0.01325706
F_14 0.01335655 0.01445703 0.01379374 0.00003106 0.01375313 0.01296978 0.00000752 0.00003176 0.01430152 0.01681014 0.16114790 0.00003029 0.00003029 0.01375804 0.01477508 0.01301135 0.00011957 0.01490046 0.01417010 0.00023232 0.01380696 0.00020894 0.00020512 0.00142800 0.01377457 0.01502132 0.01391133 0.01501044 0.01400172 0.01415441 0.01287087 0 0.07540078 0.01410227 0.01491904 0.01503541 0.00003081 0.01299801 0.00021264 0.01486619 0.00003094 0.00148295 0.07541488 0.00020101 0.00027484 0.01236287 0.15229954 0.01411381 0.00000658 0.01394497 0.00020309 0.00002868 0.01448986 0.00001034 0.01451702 0.00002727 0.00019496 0.00132535 0.01351012 0.00002507 0.00021710 0.01510548 0.00012381 0.01261085 0.00135380 0.07989039 0.00138595 0.00000822 0.01699928 0.01393059 0.01370878 0.00002966 0.00000728 0.00021065 0.01464604 0.00027187 0.01540487 0.08081004 0.01288312 0.00018611 0.00022186 0.00002900 0.00003047 0.00135453 0.00019805 0.01412911 0.01248731 0.01386876 0.00019763 0.00134478 0.01425434 0.01363153 0.01308207 0.01493095 0.01413842 0.01410875 0.01441152 0.00020814 0.15213514 0.01380826 0.01257769 0.01480479 0.07610947 0.01427302 0.00023526 0.00018958 0.01301535 0.01488057 0.00134872 0.00021046 0.00003196
